25.90 42 45 49.0 42.952 30 28 23 99.02 83 63.6 73.61 43.275 53 45.483 43.009 36.237 86.508 81.90 86.2 59.41 62 1 23.970 48 75 40.6 97.7 34 82.626 13.63 72 56 60 61.183 79 42.18 37 13 51 13 11.035 17.592 27.7 78.5 18.7 19 76 36.088 55 24.108 66 82 55.393 14 89.86 44.241 94 98 83.1 60.410 58.20 88.2 10 62 60 2 11.413 96 54 81.012 63.3 96 76 20.74 9.5 7.579 2.9 80.7 21.43 37 73 49 14 47 25.062 82.62 87 69 70 36 79 48 80.2 67.493 90.747 47.3 10.6 7.31 88.70
21.4 50.892 12.95 80 99 95.356 57 80 61.5 29.36 93.1 86.0 19.6 60 95 5.35 66.278 20.286 64.00 2 32.27 7 18.976 6.109 70.1 68.5 72 99.6 91 68 35.52 41.5 13.98 8.0 29.359 21.75 34 80 96 34.7 50.004 53 7.904 67.3 66.4 89 8 13 74.37 89.1 93.544 29.16 72 22 24 30 100 30 14 76 57 77.147 93.54 10 78.219 75.742 1 65 5 11 74.11 71 77.7 84.6 40.990 13 63 70 86.27 78.378 55 6 53 27 52.792 23.3 46 19 61 20.925 77 72.02 72.2 94 70.447 81.25 71.0 96 11.7 14.63
39 46.7 79.8 90.344 51 43 72 95 79.95 44 15 18 50.1 94.4 66 67.0 89.3 95 11 29.734 17.132 12.533 20 89.178 13.8 98 1.679 3 63 69 67 29 88 16 2 22.425 77.2 67 6 60 86.00 21.982 16.6 35.6 95.475 60 96 10.45 74 45 10.2 59.27 18.0 13 97 20.68 83 79 34.47 51.72 41 69.31 30.49 9 86 69.4 62 41 40.18 96.22 66 66.49 42.665 28 63 88.7 14 72 98 62.361 38 30 11.780 37 9 97 95.78 98.7 22 42 27.49 62 28 17.4 8 8.0 25.77 59 98 93
68.429 66.0 30 39 7 44 6 4 86.517 52 57 61 17 38.0 65.26 6.33 24 88.7 20.9 47.1 91.6 40 57.332 29.17 96.263 92 4.692 81 66.5 36.6 49 4.565 49 10.97 24.81 9.95 30.3 67 39 89.085 31.312 89.862 91 88.464 53.34 35.709 73.870 53.22 39 13.80 29.1 70 13 80.2 96.79 4.87 33 48 51.4 90.034 27.5 78.72 14 57.638 56.200 25.782 62 95.517 6.4 25 33.10 53.98 13.38 15.4 64 55 87 25 76.21 80.56 91.22 95 20 4.561 86 38.0 8 67.429 95.0 33 1.9 17 49 44.108 9.624 94.1 76.0 30.9 28.955 34.848
45 4.863 21 27 60.2 54 59.167 13 48.897 69 96 82 88.585 63 47.541 80.898 85.38 88 55.9 62.263 86.263 88 58 37 86.3 36 97.93 98.732 14.55 40.9 66 70 8.57 91 12 26.17 7 33.890 33.967 61.9 64 15.6 42.968 10.0 74 24 76 57.02 17.72 54.69 61 68 99.790 96.178 78.39 97.51 83.43 52 21.241 81 97 29.4 8 32.761 27 36.91 27 22.1 56.924 38.921 88 34 84 54.417 74 21 70 34 97.04 11.9 78 93.6 21.09 73 45.190 12 27 11 79 58 46.6 22.811 86 51.923 54 57 59 95 23.211 96
1 52 26 58 32 80 50 69.76 84 52 1 3 58 81 82 4 6 56 45 53.168 39 53.32 63.928 4 33.721 98.214 70.1 75.78 23 22.722 42 94 56 28 97 82 21.32 31.07 22 82 31 41 81.4 22 31.505 59 87 40.454 5.974 37 82.8 56 39 22.442 77 29 46 44.9 76.957 25.221 5.71 16 38 4.02 40 82.099 20.2 1.119 97 10 83 26 27 24.2 25.677 60.0 94 47.1 84 52.2 21 37.6 10.628 21.918 10 80 66.537 80 76.657 79.093 85 1 1.49 25 51.6 69 90 94 83 82.61
57 45.389 1 86 25.8 95.43 34.126 72.680 95.0 88 47.98 9.54 87 8 43 39 95 5 3.17 31.3 84.3 1 4 55.7 49 8.88 29 66.3 49.4 55 20 68.6 72.3 90 80 82.816 62 4.2 53 31.69 91.3 6 8 99 17 20.9 89 42.1 88.88 63.420 9 75 10 3 57 42.31 69 17.52 57 47.98 2.22 61.78 79.62 53 2 21.87 8 33.86 18 59.800 6 64.56 53 5.16 100 10 30 65.278 35.8 46 13 4.02 98.69 23 24 15 41.844 22.83 5 64 12 74.9 62.8 87 61.077 57 80 67 88.39 18
39.095 40.084 63.105 51 43 38.33 3.9 57 7.06 31.8 12.7 69.2 98.378 21.913 13.92 31.3 71.6 73.977 29.15 46.224 8 53 56 45.6 24 75.560 74.002 50.53 34.97 56.884 84 77.68 7 80.9 93.202 89.1 58 95 44.550 47 77 86 46.7 56.139 13 5.356 85 47 86 20.067 60.343 39.68 42 96 34 21.5 52 33 88 9.81 83 20 63 20.5 11.572 35.1 21 22 75.3 98 27 21.2 93 51.019 35.8 71 24 3.4 49.42 2.46 66.365 6.46 26.337 84 71.75 68 75 84.50 36.89 7.474 32 88 13.9 99 27 38 26.9 45 84.244 42
33.938 92.1 66.349 24 46.65 19 7 61 93.15 94.536 72.8 55.72 57 64 44 21 56.14 35.616 35.4 31.4 18.2 54.548 43.1 22.948 88.795 90 3.037 45.810 91 58.713 1 83 25 94.4 55.00 52.7 55.706 24.3 11 64.770 5 25 57 75 60.5 15 55.42 53.91 2 43.367 66.604 96.74 56 38 25 39 11.39 92 28.6 87 76 61.079 35 6 6.9 26.42 68 24.274 36.1 14.859 42 26 3.29 61.14 42 58.6 54.53 47 34.40 80 4 48.57 44 30 81.8 12 79.3 61.5 51 86.7 43 14 23.7 84.36 82 60.653 51.470 29.887 4 32.6
85 64 34.8 86.1 28.45 39.41 19.96 46.86 19 16.883 98 67.479 26.0 50 4 40 7 66.27 6.7 66.977 2 61 63 59 68.750 98.2 97 50.199 23.582 28.03 50 17 39.50 55.4 33.553 83.1 25 56.930 32.676 25.018 80.074 38.254 76 48.886 76.569 40.440 70.1 54.1 20.1 82 26.6 68 58.3 43 66 71 89 92.29 64 97.50 57.9 48.437 5.728 28 69 78 28 61 23.4 24.4 52 93 37.727 1 43.98 51 46 84.6 24.41 58.810 13.660 70 88.115 9 84 18.28 5.0 69 36.343 93 76.24 3 38 18 73.92 82 93.70 77 88 10
22 58 12.308 48 75 68.562 73 56.50 71 2 65.258 3 48 1 72.337 43.850 28.94 1 11.8 69 23.80 80.0 46 83.34 69.53 2.8 18.1 42 44 5.5 57.15 7 16 2.6 27 2 60.861 68.172 10 61 80 89 59.390 57 40 70.7 6.6 96.2 34 60.9 6 59 42.2 90.07 65 79 46.1 3.6 65.6 97 52 9.075 67 97 6.40 22 56.83 57 55 43.7 31 52 67 83 19.4 50.12 90 6.31 50 90.508 32.78 99 20.2 13.587 90.630 49 14.75 69 66.87 96 56 3.80 8 52 54 90 23 78.8 68 72.1
65 24.13 42.94 69.9 98 3.56 3.69 2 42 52 14 51 40 4 95.4 20.56 40.589 63 2.0 56 35 30 59.1 1 52 90.340 88 49.4 12 87 65.7 34 43.68 51.47 82 49 64.91 73.83 61.12 24 78.51 53 58 42 10 81.06 59 80 70.685 15.2 15 98 95 88 18.14 10.4 30.4 96.68 2.11 51.3 67.82 95.893 84 4 55 69.4 38.08 94 1 30.48 42 45 41 82.7 81 42.584 23.600 21 83.006 21.0 93 91.555 47.732 52 21 82 24.2 80.40 11.6 5 47.2 92.203 4 6.5 24 85 65 84.6 27.3 85
34 93.20 22 78 81.73 37 83.046 27 99.63 9 45.233 52 11.798 60 100 31 62.5 74.63 29 64 44 29.7 39.406 50.2 24 41.0 39 96.63 60.561 88 80 29 99.185 84.65 27 5.702 13.0 8 27.00 83.73 96.1 46.092 2.11 15.4 28 16.23 53 41 56.81 25.32 86 46 63.557 35.683 56 43 33 24 95 31.702 5 51 24 96.4 41.44 21.77 91.808 55.1 27 37 95.0 1 37.124 47.730 62 90.234 46.65 1 28 3 88 15.202 10.59 82 72 64.38 70.7 99 44 58 51.081 53 49.6 36.855 9 33 64.449 44 58 19.54
93.43 91 82.19 28.910 21 60.4 34.3 17 8 80.095 1 83.391 4.0 74 78 6 52 77 56 98 29.23 86.17 70.067 2.082 59 63 86.01 3 55.1 83 74 36 52.8 36.267 3.22 33.073 78.18 37.263 17.9 19 96.34 56.644 71 75 44.807 44 6.606 24 72.956 46.6 90 47.1 86.8 86 49 25 46.821 78 94 49.51 7 90.496 14 73.274 36 64 64 12 1 14.355 43.374 40.2 73 48.8 6 48 85 56.00 63.958 61 26.2 77.155 3 72 66 80.97 44.90 12 55.6 14 16.5 55 23 88 55.2 59 76 56.54 77.357 21
12.435 41.60 97 53.451 40.93 78.04 68.44 46 91 27.34 21 9.5 22 63.06 33.870 23.21 65 31 67.604 58 99.3 21 16 3.98 18 96.3 48.672 34 18 16.9 11 59 2 25 78.711 24 3.0 6 29 55 95 77 57 36.81 34 52 18.4 57 4.390 98.735 37.717 40 71.83 54.95 1 60 47 13 81.544 60 97.72 28.2 70 47 95.02 28.2 92.69 90 8 30 5.04 80 99 86.70 84 27.94 27.120 29 6.0 55.6 20.406 56 18 50 96 29.74 70.1 61.61 1 5.0 14 78.680 36 63 5 82.018 45 46 56.45 11
23.3 92.9 87.064 82 37.970 16.58 73.75 37 82.820 30 51 6.04 4 78 43 27 93 97.58 12 14 56 86.71 63.71 47 76 38 28 62 3 100 62 32 12.58 3.1 82.44 22.881 50 70 14.22 30.49 92.1 24.2 24.533 49 28.9 39 54 54.32 44 73.01 17.264 29 4 24.62 91 95.266 55 6 44 62.8 31.8 84 94 35 54 97 44 8.01 95 79 58.5 47 33 98 61.76 4.8 84 73.04 27.062 12.10 97.6 18 37.5 71 71 9 42.15 74.777 42 52 3 100 82 51 85.68 8 68.5 54 57.19 33
72 5.718 91.72 80.1 33 38 86 6 63 37.350 93.5 100 91 86.98 69 85.82 12.9 37 36.71 53 53 75.50 23.05 70.90 80 28 97.9 21 37.22 32 39 79 15.49 84 88.65 76 16 23.988 100 17.083 25 91.1 48 22 77.366 90.476 64.76 11.875 9 65.273 29 58.377 67.54 54.010 89 70 8.606 24.31 15.15 71 2.5 34 29.739 96.3 41 89.51 19.1 92.360 80.761 91 66.99 60 29 52.7 86 88 91.6 98 19 28 91 93 77 77 42 14.75 42 89 42.727 20 57 19.1 37.735 51 46 95 95 80.94 38.6 92.8
65 3 53 14.83 6.39 72 67 22 21 43.6 90 85.680 34.7 87 66 74.8 58.1 50.441 15 22 90.0 78 8 37 54.95 32 13 20.1 37 44 16 96 66.507 10.155 42.801 12.84 7.65 16 61.4 63.7 87 33.826 64 7.95 85.316 16.842 2 51 99 34.00 41.33 47 58.798 97 62 30 50 5 45.329 86 50 49 34.74 89 2 51 72.03 95.2 49 90 20.540 100 40 11 42 47.93 34 65.22 47 14 18 3 83.761 88.87 7.1 63.0 59.891 66.4 14.9 83 5.824 75.2 23.42 99 37.00 26 42 31 95.27 50.81
56.1 89 27.8 13.60 82 84 47.12 84.3 95 4.407 38 64 35.006 86 49.4 78 26 82.95 73 42.0 22 70.51 50.5 54.9 45 28.4 13.995 86.96 30.045 92.78 73.418 77.181 92 81.260 73.10 84 80.123 15 92 26 21.06 58.506 60 24 58 8 44.46 31.6 57.5 63.289 74.86 52 16.3 56.59 42 26.36 20 66.30 81 17.15 89.5 16 8.1 46.485 41.2 32.893 81.32 54 86.081 25.33 22.069 67 82.81 3.4 12 4 16 32 63 19.5 3.00 57 22 76 47 22 64.2 77.282 33.7 67.436 35.4 4.026 35.513 71 64.51 93 76 49 57 31.3
95 82 14 20.75 80 83.540 1.8 3.173 14.0 72.224 69.9 54 11 95 92 91.06 81.182 15.37 48.92 18 1.79 62.313 5.34 69 70 84.324 43.180 17.74 29 65 28 78.831 55 12.15 21.6 59.47 64 79.63 17 30.328 78 63.109 52 51.07 75.91 91.28 81.6 64.035 9.7 79 33 60.6 35 58 60 99 53 62 62.378 79 74.1 55 73 68.266 21 26 75.56 89.35 15.87 96.3 92 65.032 27 82 27 36.7 23 26 17 83.7 39.486 35.9 45.47 17 48 61.5 37.5 18.02 4.94 96 38 93 58 64 92 95 84 96 99.33 57
15 70 22 46.73 47.51 83.49 17 29.3 71.59 62.1 39.860 92 60 96 59.3 36 25.315 56 21.824 14.03 90 35 66.704 3 77 17.4 98 69.358 77 9.272 82.66 50 29 38.873 35 100 25 13 82 71.08 63 42.1 35 63.77 96 87 80.3 51 54.1 51.2 70.33 11.741 30.03 66.8 62 4.563 1.3 70 38 28.367 70 69.2 38 61 100 84 92.42 6 38.546 56 41.72 37.92 87 86.5 50 35 23.5 70 12 33 43 82.3 37.5 2 43.527 88 73 1 51 44.32 66.281 27.6 87 94.426 20.976 50.381 31.4 80.419 31.4 52
51.7 39.36 71.88 47.38 85 61 26.039 73 62 81 51 69 28 79.982 2 6.0 14 64 26.9 78 17 6 63.393 31 23.13 71 32.5 29 1 62.696 4.3 68.69 67 44 52.70 36 41.3 63 57.5 31.31 67 43.910 59 2 40.79 46.74 2.27 23.68 96.81 100 85 73 78.0 48 48.684 56.3 16.37 44.995 51 44.646 23 46 19.617 27.67 20 76.7 34 65 32.08 17 46.796 44.5 57 24 74.5 13 9 4 66 16.9 23 14.3 1.85 27.6 54.0 24.87 92.11 93 78 41.91 44 53 92 82 91.2 29 73 61.792 23.84 88
5 72 65.15 3 25.991 13.4 3.263 23.1 42 87 1 3.076 61.312 3 45.8 1.211 77.635 17 74 46 1 95 84 7 53 66.624 3 79 65.983 41 74 61.147 80 99 13 54.8 49.33 46 80.92 89.05 51.923 6 6.91 65.2 40 54 72.4 90 41.144 42.1 44.814 81.20 87.783 58 6 43 85.10 22 91.04 78.5 25 6.4 3.525 26.9 23 63.009 23.764 92.868 48 65 54.3 73 48.727 89 1 92.1 99 3.4 56 26.399 52 27.505 66.7 10.82 35 18 64.829 26.246 50 5.0 53 87 14 25 99 46 63.410 21.8 88 1.304
44.82 49 62.0 16.28 70.6 10 91 5 96.548 2 50.06 11.021 47.626 71.68 81 50.123 91.50 86.12 6 90.0 96.27 23.0 95 54.7 17 44 60.7 60 37.92 13.953 74 75 25.57 23.437 63 45 42 4.43 39.795 54 91 87.373 25.98 1 36 77.09 89.5 82.5 34 91 78 64.612 83.0 10 1 23 9 59.64 89.854 62.730 11 16.3 9.434 50.1 59 70.2 46.5 38 86.398 17 32 37 51 98.838 56.641 49.85 86.623 63 55.89 18 51 35 52 41 78 59 77 13.549 73.97 86.6 41.029 59 65 25.7 67 94.912 37 66.6 5 66.0
45.3 96.960 32 3 93 4 52 11 62.45 74 11.45 58.00 94.905 62.6 95.923 83 76 77.84 82.05 9 9.3 52 60 81.84 54.5 48.8 89 61 78 45 37 81 82.07 80.909 79 73 41 71 27 82.379 81.866 47.87 3.211 54 67 1.86 22 48.23 26.11 86 3.825 75.726 71 72 96.4 94.45 6.3 73 45 79.3 37 29.5 4.3 48.3 54.9 90.12 17.58 24.1 7.8 18 72 31.82 94 95 9 37 89.86 87.49 13 74 54 81.994 72.6 65.57 60 96.8 75.60 99 93 67.5 44.75 15 1 64 99.742 98 37.5 39.59 10 11.242
77.7 84.50 37 91.043 35.48 54.526 69.9 73.45 56 46 5.13 44.3 35 31 87.3 3.686 45 48 50 99 95 78.530 56 44 90.3 64 22.744 43.100 77.06 1 26 84 95 91 47.33 85 98.1 23 12.8 99.64 43 19 62 20.4 93 85 66 20 70.406 20.326 34.177 71 88 36 66.966 4 26 29 98 28 98 53.94 80 18 96 51.5 75 42 87 12 37 62 46.754 74.16 26.0 20.3 5 84.550 76 32 72 76.934 68.76 44 16.55 53.12 75.718 73 9 26 86 47.38 61 45 16.9 17.71 84 38.657 85 85.6
5 60 7.8 80.64 71.865 38 32.4 76 52.0 55.605 2.49 78.194 59.86 85.2 100 51 75 27.76 71.7 96.6 89.6 63 77 46 1.77 63.25 97 43.4 4 50.884 33 19.87 29 86 33 29 85.909 1 62 7.990 32 26 95 66 81.58 82 71 18 12 31 41 65.139 52.30 24 70.10 62.0 50 24.769 47.9 52 62.946 94.59 82 25 93.655 52.53 23 49.715 31 53 68 58 61 86.057 64 8.7 2.907 83.61 35 31.047 77.73 2 58.85 46 28.8 99 3.988 74 78.6 11 55.9 60 65 96 68.4 83.60 61.298 59.86 49 43.530
49.4 26.8 39 10 91 26.750 49 29.3 86.459 75.38 70 82 86.68 67.96 6 17.37 21.310 77.3 35 85 47 97 55 46.1 47 67.01 76.5 91 77.500 93.20 14 48.8 51 28 42.437 20 32.3 58 69.5 21.73 54.852 70.0 3 54.627 61 66 67 5 66.4 94 69 5.285 33.1 71.713 55.9 82 39 11.7 98.72 69.6 19 5 1 18.5 46 64 80 77.285 20.46 30.56 44 9 40 71.272 62.6 79.63 31 19 64 46.91 53.09 91.691 39 43 79.156 3 25.16 66 89.212 75.2 73 7.4 42.8 57.8 69.96 66.8 60 57.61 26.981 20.696
94 65.9 58 36 57.772 7 79 79 85.19 26.99 54 72.2 74.20 32.278 43 63.5 84.22 67 78 60.0 3 46.897 59 25.65 35 79 88.3 34 23 88 90.6 71.59 20.369 35.5 3.05 65.4 95.8 30 58 95 88.01 35 76 95 62 66.49 63.347 87 89.014 46 21.22 48.534 78.0 49.3 91.948 11 92.271 69 100 65 45 85 94 6 60.0 75.76 64 44 91.05 76 95.1 37 58.8 72 91.753 62.572 49 17.04 79 38.2 78 19.7 19 94.1 27.94 25.30 93.17 59.281 41 8 26.4 43 77.994 11.9 8.7 19 48.25 83.82 82.8 53.252
11 16 28.0 83.67 57.4 70 80.82 62.7 3.678 57 66.036 94 59 18 33.9 38 97.89 61 1.0 7.504 15.30 44.34 84 27 87 36.747 62 65.48 11.166 12.317 14 32.66 16 77.1 32.8 87.268 18 49 74.08 91 33.03 34 25.8 28.379 29 38 98 81.39 72 23.12 86 78.2 39.43 22.5 2.53 66 85 57.134 30.7 11 73.88 10.673 94 84.93 99.615 48 74 56 6 57.8 82 2 33 91 72.01 38 9 79 9 35 1 93.39 75.308 18 10 40 36.2 60 28 98.8 97.388 30.98 43.771 38 38 24 16 27.10 11 35.5
22 74 62 77.570 30.825 59 65 17.28 91.1 21.08 87 44 72 83.5 31 69 19.90 13 45 26.19 89.818 95 94.1 73.9 86 71 4 44 37 99.56 44.68 95 61.33 11 41 68.36 34.0 84.2 51.645 44.6 4 61 27 52.75 35.0 31 2 54.5 19 1.7 32 6.958 88 69 9.9 99 8 60 21 7.67 51 78 9.2 24.980 57 74 36.4 51.8 83.822 23 86.94 96.67 15.033 86.1 4.84 87.42 7.475 61.5 99 97 8 20.975 67.364 97.9 81 29 82 22 11.5 23 61 5 91.47 27.524 18.638 50 58 27 93.489 98.4
56.08 98 27.4 42.895 53 75.131 95.43 11 25.0 50 48.770 84.84 34 51 81.34 42.5 70.29 30.826 69.28 38.51 78.9 27.29 9 100 52 23 22.00 65.169 37.188 5.3 44.26 94 41.44 9 17 79.688 16 34.03 12 38.07 56.618 89 14.50 80.6 46.00 39.30 24.957 74.243 44 57.1 88.9 64 20 64 92.82 72.836 10 50 75.796 50 56.2 13 59 99.014 41 19.480 24.040 87 81 69 11 49.6 39 78.4 75 55 66 54 51.466 5 33.22 7.58 38 16.4 64 79.321 56.99 60 3 92.14 53 13.1 22.022 64 89 64 83.8 79.840 47.4 84
19 97 82.4 86 24.020 9 26.4 2.5 90 49.3 54 34.4 12.2 27.50 96 36.5 18 86.174 60.16 77.3 28 80 50 89 13 82.0 59.9 91.2 75.21 82.61 64 45.98 13.918 9.1 33 20.94 33 56 97 9.46 74.688 17.86 22 85 87.887 6 66 65 62.2 82 15 1 90.101 39.664 41.7 64.4 17 44.71 23.323 16.4 27.2 2.863 82.17 66.011 5.7 48.09 69.20 92 80.270 23.24 61.528 14.4 61 29.287 91.141 43 76 9 51 34 57.42 14 93.2 14.795 6.9 37 62.324 77 81 77.4 96.4 55 33.35 24.511 63.77 64 58 15 6.5 28
37 23.396 23 28.193 9 25.1 80 32.396 41 71.8 89 77 7.5 42.5 33 17.6 18 67 55 59.08 31 1 15.700 95.828 95 38 9.4 40 53 12.8 81.932 98.603 52 74.079 35 61.44 15.7 44.628 41 44 1 29 99.36 60.31 45.836 72 10 46.138 31.811 17 78.855 55 59 58.34 89 49.3 80.981 60 60.28 46.0 1.9 65.047 82 33 91.3 64.7 3 75 11 55 50 76.216 51.839 32.27 34 24 6 10 83.368 47.65 44 81 44 2.511 59 61 35 86 97.59 38 50 82.1 44 52.6 75.940 86 34 54 22 90.9
98.9 20 12 57 55.305 67 54 95 20.2 57.94 1.91 38 94 42 5 98.7 93 80.314 72 26 96 69.0 52.2 80.898 99.621 47 86.90 54 6 8.773 85 59 73 56 46.62 28.87 36.85 29 44 53.55 7 58 50 86.488 23 29.176 54 85.78 89.4 30.26 43 4.86 58 59.5 62 71.332 69 73 61 68 45.94 59.340 15.010 23 87.3 92.0 64.073 47 30.74 54 22.749 79.07 1.08 70.681 14.5 22 49 9.4 73.1 26.4 43 74.224 83.18 81.8 53 29 69 69 9 59 99 38 19 86.508 71 45 69 39.52 65.838 4
15 22.8 80 79.928 22 70 24.27 99 17.9 54.52 69 22.9 70.40 82.54 91 42 47.61 69.1 65.56 11.36 81.7 21.3 84.86 28 50.09 85 60 34.218 40 96.8 57 32 3 33 74 26.5 33 6.6 91.70 64.2 28.243 69.27 73 41 91.20 57 41.505 85 28 27.588 15.850 13 55 63 27 59.162 34.779 10.88 9 15.294 81.2 87.5 40.362 90.964 47.740 18 44.561 76 36.364 6 83.4 11 85.541 12.8 47.07 55 95.7 3.26 25 6 98 37.62 63.70 93.110 87.2 99 22 2.571 2 87.44 89 23 95 1 37.29 75.03 38.7 92 41 87.737
17 48 30 67.303 53.5 5.781 3 18 48.11 88 26.92 68 53.94 77.370 91 47 75.723 55 36.4 27.816 48 99.255 34.7 62.83 77 24.032 54.5 17 47.89 93 97 56.55 16 8.211 57.169 50.08 22.29 96 69.33 90 26.4 51.57 87 5.9 39.9 63 49.05 90 7 84.6 57 62.770 26.043 100 35.9 64.1 63.085 63.3 59 64 93.0 74.5 69 5 8 41.500 55 10 51 15 11 35 58 62.605 24.0 63 22.154 98 46.785 28 3 30.58 96.43 13.349 16.668 11 37 56 7 43.125 67.94 53.15 38.044 67 78.521 81.278 62 80.3 80 36
86.87 99 90 5 10.9 56.402 89.3 62 44 30 2.08 71 62 22.723 75.928 92.970 67.1 44.4 27.68 17 36 69 46 89.6 42.0 30 25 16.21 70 19 68.3 4.036 30 33.380 85 45.977 59.380 2 19.01 3 59 16.341 68 34.87 73 45.448 81 1 49 29 90.640 80.545 58 15 94 96 96 61.185 94.3 8 79 17.4 74 5 10 32 22.1 27.683 15 30 83 88 22 83.92 59 77 50.8 62 17 43 1 8.413 80 70 14.246 97.6 64.65 27.6 30 39.7 44.12 47.888 28 53 86.43 68 59.041 88.33 33 10.0
94 20.1 50 49 92.194 57.6 88 62 79.2 72.8 40.73 70.4 67 10.4 85.512 57.14 56 43.3 98 64.5 9 68.48 20 6.2 6.08 66 30 81.0 47 41 45 88.790 9.15 17 61.305 56.684 87 18 13.32 71 40 56.7 5.758 81.79 40.449 15.501 67 64.9 20.55 43.033 87.63 56 94 59.6 91 40 18.431 24.9 65.5 36 14.2 95.97 38 100 62 18 99.1 97.896 52 10.0 54.3 78.27 20.30 72.253 2.197 5.93 95.533 71 1.159 91.49 50 88.9 14.251 99.50 33.2 32.27 28.351 54 79.4 26.28 46.821 26.73 31 13 40.4 48 41 36 16.1 45
78 99.798 75 71 95.2 97.15 89 63.51 54 21.27 58.5 37.072 4.32 16 82 62.64 17 63.37 11.65 33.6 28.253 8 10.99 65.234 41 41 77.807 52.4 61 93 7 79.92 64 51.43 94.1 73 19.650 25 40.64 75.644 96 18 43.8 71.738 48 65.82 85.9 56.0 23 52.342 70.07 45.07 93.9 32 2 31.065 36.01 63.2 15 3 33 11.20 10.24 7 2.9 97.4 63 55 70.89 45 24 28 29.13 53.93 66 33 49.8 92 6 20.061 38.16 31 39.185 1 21.6 93 51.909 94 25 11 93 7 19 93 49.764 23 57 7.960 10.465 63
22 26 22 20.3 22.20 68.0 97.350 55 52 92.639 71.5 64.6 91 17 17.535 58.264 97.9 49.5 52 79.9 20 61 89.41 3.8 36.7 21 51.057 32 33 8 34 62.4 12 62.297 65.130 65.858 64.1 80 53 67.6 57 91 11.0 84 80 83 75 45.163 15 94 88.65 33 49 90 3 66.92 67 69 66 17.78 38 73.62 76 68 18.09 49 43 51.35 23 48.43 50 38 61 72 4.866 18 9 15 40 92 89 35 2.93 65.704 37.99 57.275 58.193 88 86 1 6 21 49.36 37.07 90.6 29 22 19.50 30.04 14
92 17 21 17.4 10 53.8 27 39 3 73.21 50 34.508 15 32.6 31.0 62.409 57.7 88.466 11 41.160 63.02 48.136 3 30.808 89 46.613 88 91.504 90.42 79 44.000 68.51 80.27 79.7 71.163 65 58 36.384 76 5.122 82.679 11 63 13 32 38.7 15 25 89 28.55 2 39.5 68.882 83 59 36.1 34.164 90 72 7.2 51.360 34 72.4 38.92 39.617 36.559 82 35.7 4 78.08 46.9 89.33 95.420 16 30 62 97.28 11 73 27 44 16.43 70.306 49.3 97 83.39 86.2 67 45.362 59.0 86 26.227 8 87 28 81.73 95 18.688 41 35
42 45 81 84.713 49 97.17 34 72.9 41.487 18.44 8.482 38 11.6 26.632 75 35.8 51 45.42 54.126 9.2 31 43.97 19 70.7 32.52 89.5 78.055 3.781 11.230 66.9 23.533 69.23 67.464 72 88.0 14 83 69 76.95 10 71 8.804 68 77 45 91 59 26.08 82.28 29.02 89 90 16 5.6 24 86.93 49.71 15.75 43 21.4 21 22.64 63.26 52.61 8 44 71.157 42 21.363 28.135 36.6 54 87 40.82 50 65 32.86 73 62 40.003 89.096 59 99.064 43 75.564 19 87 9 70.377 78.42 12.33 87 85.484 37 45.91 35.83 68.6 90.463 64 23.88
41 96.42 32 70 49.460 44 57.8 23 9 35.334 65 9 92 63 46.4 55 74 39.72 9.56 64.9 77.35 67.1 90.8 90 74 16.19 70 44.344 99 48 69.0 7 10.9 58 31.921 8 21 8 87.532 85.3 81 82 54 20.381 74.6 96.220 65.1 95 85 10 81.67 93.373 15 10 38 67.0 45.33 79 68.8 18 68.403 95.71 65.460 34 76 60.66 43.9 20 1.377 60.087 66 65 23 60 6.2 17.585 4.169 55 25.7 82 94.18 64 35 50.5 63.0 90 12 79.850 30 25 62.16 6.42 6 58.241 15 98 53.0 59.11 50.24 99.80
96.629 6.39 91 61.5 39 40.7 89 2 54.90 79 44.78 70 61.7 56.0 21 51 54.8 94.0 54.589 25 79 37.709 46 1.94 33.348 13.03 51 80.13 90.867 66 52 29 86 95.417 83 13 57.32 94.20 95 38.652 76 48.447 30.518 59.9 81.7 1.710 64.3 3.3 58.58 19.9 53.3 51.9 81.484 44.2 99.284 14.16 71 48.09 94 84.2 89 40 80 59 93.342 45.593 4 29.74 21 23.159 92.894 69 82 4.7 6 74.88 40.444 32 25.352 77.950 83.49 68 17 15 97 34.2 85 40.705 6.8 51.243 50.939 19 22.76 16.83 93.80 45 42.82 22.96 3 86
14 2 53.1 54 63.9 41 81 20.7 33.0 29 83 72 9 20 12.304 82 43 47.547 62.92 89 21 78.2 89.192 40.8 8.659 3 22 9 78 59 37 85 44 66 62 74 15 71 53 10 39 49 48.16 84 18.09 73 16 64.378 36 6 1.9 36.239 5.45 45 15.59 37.57 8 84 76.0 6.09 33 31.155 91 43 4 14 95.17 27.8 83 39.38 28 39.928 4.9 38 5.653 5.373 93.0 95 48 93.6 3.313 83.810 42.11 100 38 39.25 3.823 46.709 35 86 86.7 91.9 45 25 92 48 77.15 63.42 23 16.01
95.2 19.177 10.715 78.362 58.8 71 59 56.8 55 57 29 92 22.426 27.6 52 62.177 25.317 32.3 51 28 89 73 54 29 79.6 61.58 32 96 78.21 30.655 70 58 20.523 1.013 6 37.29 50.730 11 57.000 40 94 50 42.17 17 45.138 41 53 44 50 29.55 38 95.37 21.201 63.71 63.45 87 9 39.961 37 72 65 39 45.62 64.312 76 54 81.07 99.3 72 76.6 14.989 75 74.6 97 15 44.246 4 17.7 22.9 63.4 14.7 11.316 60.4 17 76.493 33 98 38 70.3 35.56 12 94.5 17.352 37 14 36.4 100 9 71 77.95
75 78.846 15.00 37.2 14 56.438 73.80 32 8.89 3 65 84.402 66.28 8 23 55.52 9 79.836 63.1 93 96.610 3 41 18.00 55 18 99 10 27 89 28.332 68 23.254 1 57 49.64 38 35.59 69.35 90 95.74 45.93 73 99 13.9 66 26.28 20 5.844 30 92.97 46.6 76 21 84.7 21.9 53.7 53.2 25 81 14.016 93 8.87 17.58 42.9 52 45.1 64 37 48.75 46 83 8 87 97 20.10 11.25 37.989 70.33 58.5 12.652 25 99.6 78 30 87.6 64 73 76 47.03 98 54.9 22.991 7.44 4 29 38.151 97 6.1 40.749
7 20 33 27 34 43.269 30.859 74.023 14 65.9 98 95.6 75 40 82 1 80 70 77 93 1.13 68 28 23.6 51.01 58 81 49 70 70.2 6 5.4 18 21 78 16.1 98 43 93.899 30.8 71 71 85 42 85.96 83.87 50 20.853 77 36.287 41 23 45.4 1 50.966 28.8 83 26 39.75 41 68 17 11.91 70.460 72 84 28 58.72 38.15 18.1 16.34 86.034 19 54.597 9 3.084 23 54 77 27 17 7 58.551 43 90 80 65 69.90 49 12.49 13 30 78.217 56.471 89.298 59 53.3 4 21.124 84
67.75 2.037 85 26 40 7 66 40.49 5 57.8 23.12 23 26 62.029 86.314 52.890 11 33.182 32.6 77 79.6 8 60.32 11 61 96 35 39.4 71.6 2 46.983 56 83.26 65 62 47.6 91 85 54 65 2 30.8 44.7 89.268 64 92 8 43 15 52 26 48 24 32.279 48.68 1.12 52.3 70.750 9 14.92 10.192 3.571 65.2 9 43.874 91 19 11.30 85 77 60.74 15 67.1 98.353 29 60 14 69.627 65.20 33 71 39 60.7 14.311 10 24.316 16 87.1 26 23 40 42.3 29 14.76 22.743 59 93.717 29.8 71 97.28
18.684 49 88 79 97.94 17.8 51.179 7.496 89 3 10.85 30.50 12 45 15.59 70 70 13.7 74 9 98.758 50.07 8 70.714 12.47 43 68.8 68 11 41 83 33.02 19 80.56 39.30 41 20.91 72 38.33 50.439 31.50 61.170 94 8 46.476 81.470 2 47.905 54.4 97.1 8 48.7 53 8.548 73 39 86 66 96.49 70 67.75 79 74 35 39.938 63 43 59.83 40.8 37 72 34 66 95 70 78.61 78 52.8 94 45 40 80.999 64.3 16.99 74 66.335 26 43 39 1 6 93 9.267 9 54 40 57.8 2 63.3 31.519
97.3 72 9.42 63 41 5 11.665 67.0 74.20 99.9 68.10 86.18 54 93 51.213 55.9 60 89.978 89 52.7 89.510 48.084 68 52 80 56 99.3 74 98.418 33.07 77.10 41 48.659 92.8 4.55 100 10 92.364 5.625 55.909 49.370 33.33 81 42 38 33 58.377 67.484 9.176 17 98.858 50.43 19 79.545 13.0 87.3 21 15 64.57 75.098 39 7.507 76.32 47.0 22 86.1 84 8.1 26.30 67 44 27 18 86.351 87.1 21 97 94.30 44.609 10 3 21.63 72.871 49.4 74 26 70 79 48 36 42.57 53 46.809 63 57 6.36 35.0 65 93.1 83.4
23.3 90 85 23 43.139 20.34 6.28 76 4.0 62.84 63 82 33.63 3.12 15 70.86 80 76.2 17.367 83 21 97.919 2 41 42.7 3.27 37.10 46 1 78 58.9 49.7 49.548 82 31.82 4 5 56.0 73.742 63.8 8.911 38 71 42.3 75 99 86.61 92.21 87 56.237 22 93 27 52.00 87.09 83.845 85.16 99 60 2 17.7 91 18 41 66.744 76.40 24.356 2.2 25 83 97.55 18 54.36 99.847 43.24 79.2 71 96.2 7 56 86 73.58 56.4 92 72 28 83.4 82.341 9.76 98 100 54 92 34.07 51 32.8 19 61 12.325 92.9
35 51.2 77.529 32 95.3 87 5.78 85 7 18.0 77.6 77 38 50 90 28 14 15.974 27.18 47.996 85 19 54.322 92 96 53 87.9 87.4 91 98.96 61 77.81 70.39 68 57.9 48.2 78.918 85 61 91.386 89.8 1.308 5 76.43 47.644 45 17 39.9 42 28 37 73 67.50 23.005 70 42.5 62 88.0 90.7 25 24 91 67 77.3 22.2 11.7 96 7.7 76.9 60.14 28 72.9 20.44 32.010 57.87 59 15 42.3 6.017 3.8 9.5 35.0 29.373 98.44 94 7.57 78.156 1 11 13 8.5 37 80.109 14.12 68.597 15.43 65 69 84.01 22
14.429 16 38 64.5 44.8 85.488 92.6 20.99 24 26.29 2 51.85 57 30.0 72 72 69 41 39.398 69 26 41.73 6.7 90.4 79 35 26.701 48.789 39.38 38 43 34 49 94.32 47.19 77.77 44 11 58.4 57.063 20 8 72.031 74.946 52 65.5 80.93 71.44 100 33 25 48.85 38 99.67 29 89.63 89.4 15.21 62 85 7.54 59.93 32.31 53 79 65.985 2 92.19 53.9 82.56 47.310 57 98 31.5 41.7 88 33.1 28 82 74.2 46.126 59 2 44.65 55 33 53 64 1 8.8 63.222 12.636 68 59.997 4.32 88.45 57 57.4 92 81.71
29 11.9 20 6 57.6 42 25.6 20.742 55 79 7.51 47.593 9.4 61 71.733 69 90.1 52.75 50.61 36.147 57 50 17.642 35 37 58 24.0 19 90.8 13 82 55 25 88 6.14 54.474 64.745 77.5 8.88 43 30 75 27.884 33.7 25 55 56 56 4.44 12.410 85.4 85.190 53 79 21 71 51.06 51.4 63 23.0 72 64 54.83 92 90.1 87 44.01 77.0 27.28 43 64.703 77 18.6 89 33 25.0 45.979 74.58 30.94 48.425 69.4 33 51 100 94.8 78 63 37 63.3 15 39.52 97 21.0 10 34 40 22.99 38.458 16 49
34.098 25 14 100 8.5 44 38.782 81.55 42.7 14 75 89.913 31.39 88 63 40 59.52 64.188 44 54 46 69.748 21.3 96 1.79 59.45 64.6 95 25 8.52 18 23 35.73 21 38.186 91.8 98 4 99.164 9 74 59.44 39.14 22 1.012 40.77 24 75.87 55 90.47 93.783 62.1 17.492 96.6 10 1 54 62 79 64 71.05 2.0 98.0 68.84 4.4 60.05 31 40 55 70.781 40.85 9 2.18 7.62 23 63.657 38.073 91 12.8 89.37 7 7.170 96 38 22 55 25 12.102 19 8 15.38 59.83 15.97 96.7 84 66 100 71.37 4 27.28
67 5.717 77.009 1 65 40.4 58 36.3 60.56 56 7 19 95.178 31.05 39 54.4 24 17.52 81 12 40 28 12.3 6.12 26 99 28 57 76 96.008 20.1 54 34 91 58 88 43.66 31 44.2 88.66 48 42.998 32.9 11 65.016 89.206 34.8 8 80.4 17.9 99 65.2 30.1 44 66.3 92.628 7.2 56 37.798 25 10.8 11.397 44 15 34.77 78.879 16.947 46.95 80 79 42.91 19 63.95 65.50 54.7 90 40.98 83 3.71 55.31 56.389 91.0 90.5 84.85 75 35 2.3 95 91 51 26 62.03 89 71.302 90 20 58.2 48.63 79.310 67.200
2 22.045 83 95.971 52.173 49.16 71 38 14 73.34 52.71 23.468 8 48.6 76 82 33.72 43 22.89 1.17 15 53.052 92 32 92 79.03 45.01 49.2 45 64.192 44 40.05 56 39 8 6 59 23.67 19 23.6 82.4 69.757 40 31.713 92 41.92 11 85.412 74.0 46 55 81 54.037 71.2 16 1 94.97 56.5 43 31.599 32.49 86 23 58.77 3 28 84 60.981 97 12 29 46 22.588 4 76 33.2 45.447 89 53.185 47.88 82 43 84.908 13 54.5 43 50.658 88 61.13 72 15 48.215 51 23 80.153 18.4 98 68.77 90.69 67
69.4 54 56 19.8 67 100 74 56 75.205 58 15 58.3 57.88 79.23 95 27 68.0 54 98 3.80 18.700 10 89 69 24.60 25.879 70 51.4 30 39.42 21 50 91.3 4.36 57.785 35 88.8 23.492 24.527 44.30 82 98 84 47 35 12 6 7.719 89 35.5 63.161 62.192 41 31 85 65.9 63.38 26 20 76.13 37 85 26.7 51.663 3.63 97 59 60.4 56 3.376 16.65 16 42.1 63 50.161 72.102 36 37.03 36 60 47 87 64.53 50.067 85 19.7 44.6 64 59 17 51.13 68 42.94 92 28 51 61.07 77 63.877 45.8
73.96 12 14.21 98 53 99.65 55 96.332 22 26.01 60.823 57 15 48 9.92 55.0 45 27 41.55 26.6 29 98 95 63.6 81 59 5.53 70 62.05 33.878 32 57 25 72 13 68 86.6 69.03 86.3 84.0 37 16.46 10.185 64.6 36 70 73 44.6 94 93.751 83.71 21.30 99.255 64.10 64 64.1 99 88.8 92 82 84.9 48.93 56 1.3 25.896 35.7 43 90 75.959 53 81 35 14 77.8 16 16.40 25.9 52.40 10 48.37 89.19 45 29.8 85 76.70 19.79 53 75 58 12 27.563 22 47.3 18.4 28 98.74 52.29 11.87 52 5
31.0 50 36 31 25 24.7 44 6.389 7 22 64 20 9 72.0 24.2 62 76.898 35.741 41.724 25.3 96.971 49.298 81 40.048 89.431 45.9 3 14 87.1 52 64 56 93.564 6.721 81 12 68 51 68.95 6.952 21 24.89 2 58.8 89 30.5 67.42 95.372 9.99 1.1 11.525 12.2 70.796 61.910 65.6 94.123 49 74.2 14 10.3 34.522 39 60.63 75.31 24 66 90 55 13 51 11 37.8 69 46 95.9 15 18.27 38 73.64 19 12.90 18 95 19 26 1 50.2 78.324 35.62 31 50 54 61 72.090 27 29.3 24 1.337 87.58 57
74 82 50 52.18 27 20 77 69.00 42 17 69 65 91.4 40 43.48 57.2 3.5 14.672 78.60 7 19 73.6 97.06 55 85 46.361 18 20.638 50 53 3.344 85 88.700 27 65 62 71.5 77.2 47.548 18.9 94.435 16.65 8 8.7 46.082 70 6.035 65 70 36 71.8 73 66 98.046 75 14.920 10 16 25 20 49 97 27 53 88.37 39 9.31 34.3 71 68 94.3 14 3 31.110 4.915 6 40.82 4 45 51 14.52 7 5.662 61.6 4.01 16.1 13 38.4 35 85.346 47.3 64 30 89.369 74 3.9 9 44 95 3.931
28.566 91.09 2.90 95 68.8 14.5 73.0 87 40 69.8 48.3 99.7 76.53 73.233 45.953 73 65 65 25.92 9.61 48.259 72.41 22.02 91.4 41 74.4 71 18.0 86.12 29.5 98 50.49 22.7 61 11 62.2 49.344 88.9 93 90 78.81 71.5 70 65 27 14 97 47 88 9 89.614 55 89.9 89.609 85 72.38 27.38 100 51.758 37.7 91.1 34.071 27 90.042 54 4 1.412 40 56 59.835 39 91.14 33.43 96.4 40 20 63.7 28 89.27 45.643 13.234 24.057 77.6 18 87 36 70 71 52 56 50.0 14.015 98 95.298 45 74.0 36 79 43.2 49.67
95 77 30.530 12 16.340 50.8 54 68 1 24.41 87 49 26.11 60 81 18 82.44 43.2 30 81 88 22 75.688 45.0 17.266 65.3 15.3 87.81 83 39 89 6 46.3 88.4 6.87 2 18 87.7 62 75 33.317 83 53.9 79.541 38.429 27.40 90 33 88 32 60.9 53 77 98 21 15.9 95.81 87.94 39.3 71.72 37 47 43 60.4 42 90 35 67.248 68 80.8 69.620 16.21 57 10.478 92 91 57 49.4 86.16 97.973 80 90 73.52 85 8.497 31 36.98 53 46.65 18.97 65 55 39 40.982 9.0 93.5 18 68 21 64
34.680 28.88 37.0 77.1 19 40.09 42 64.0 42.27 75.5 60.56 44.0 34.145 79 37.5 5 14.25 58.345 93 81.136 60 47.571 34 42 48 29 13 25 56.65 25 48 74 76 8.3 74 69 92.590 63 77.846 72 79.742 91 38.915 19 68 79 32.9 43.55 66.9 22 84.157 57.60 91.26 34.459 95.059 7.20 23.67 82 10 40.19 94.08 20.564 36 27.7 83.603 39.7 24 43.004 28.496 95.074 69 43 78.55 79 49 15.7 58.880 11.53 69.68 28.7 13.43 83.4 48 72.988 70 34.2 38.640 66.77 89 5 23 77 97.691 70.407 2.0 80 78 69.494 70.981 9.43
1.064 19 51.7 56.842 83.1 23.2 92.549 67 47.922 6.583 51.791 38.181 89 76 49.406 47 6.92 28.67 17 36 90.83 41 88.911 20.02 19 81 35.27 99.79 42.7 18.46 43 36 60.88 6 28.96 9 19.560 77.59 63.0 90 35 15.518 99.340 66 23.338 24.02 32 55 80.36 2.56 93.4 52.53 94 95.3 30 69 52 11 79.6 15.15 73 16 43 60.2 81 96.002 13 98.706 9 52.481 46.32 17 31.621 89.010 38.8 73 43 53.45 77 21 57 11 68 30 92.70 59 31 82 95.580 97 36 44 51.9 77 42 33.351 67 32.097 96.32 35.29
68.5 59.1 48 87 57.207 56 41 4.099 16 97 35 22.422 18 100 13.631 5.77 83.808 1 46.03 15 47 51 31 56.6 65 14.47 50 18.7 53 55 12 87 22.742 5 28 29.81 42 64.2 22.61 90.5 38 97.579 89 16.55 79 8 16 4.9 76.53 93.498 72.31 1 47.959 52 66 3 24.3 27.0 77 31 28 75.9 15.793 57 83 87 89 10 10 8 93.498 40.5 75 84 74.583 93 14.23 75 44.041 27.959 70.1 24 42 65 64.4 85.88 89.0 40.66 98.32 69.9 72.0 64 75 61.09 28 55.586 41 23 70 60
28.87 24 86 97.854 3 21.26 67.31 39 56 88.5 55 15.185 44.110 69.50 54 98.492 46.387 31.680 74 3 70 98.12 28 27 25 9.5 79 90 41 92.7 24 64 26.51 74.036 13.35 5 88 62.785 8 64 67.178 31.8 54.078 73.64 21 3 87 92.3 49.690 25.8 53 93.305 25.44 51 86 9.341 57.7 77 12.1 65 77 94.228 62.405 56.1 34 6.554 38.89 23.535 67 84.8 35.29 20.8 55 20 20.74 97.920 82 40.46 84 92.069 27 14.3 19 63 18.4 59 13 55.07 73.46 25.8 30 85 35.503 31 3 87.304 90.569 61 62.37 50
3 24 35 30.080 28.46 69.6 35.947 68 10.9 83.67 59.9 61 85 12 86.0 97 74.023 62 28.53 54.406 6 20 86.10 3.119 86.188 83 73 73.4 37 48 75 14.7 24 21 21 12 97 83 35.5 13 92.09 70 50 3.3 6 20 92 80 70.567 23 66 52.486 1.22 14.20 79.71 88 31 53.555 65.91 4 92.0 68 52.52 12 83 70.5 11.320 98.3 72.7 19.402 58 4 87.46 83.1 24 89 97.04 14.114 8.6 34.53 43.49 28 47 98 97 24.619 25.170 18.98 46.4 57.3 58.05 32.362 35 78 60.42 71 44.0 23.8 44.0 56
97.45 68.437 31 9 43.49 6 38.8 94.805 12.0 95.079 29 30.38 57.9 1 99 68 14.14 62 51.198 31 54 39.263 78 21.419 90 40.584 9 73 34.8 93.136 76 79.7 14 67.7 48 79.237 47 29 47 58.633 46.28 55.026 18 40 69 39.36 1.520 1.68 66.7 77 21.6 8 46.5 67.1 5.72 77 50.777 64.734 3 51 84.294 25.8 92 58.55 21.6 40.145 54 83 62 55.32 42.104 33 54.185 33.00 57.329 14.273 57 80 48.2 2 28.478 47.48 40.5 8.1 58.7 21 69.752 85.68 50 42 28 13 26 50 91.6 56.627 34.83 62.029 48 81.18
81.2 46 23 51.72 31.87 15.626 18.509 98 10 38.884 34 66 29.8 13.77 9 100 26 37.22 92.07 65.20 14 26 34.9 11.160 26.9 59 1.216 63.261 27.0 17.071 56 26 88.6 27.5 6 100 43 56 84.4 76.65 29 41.055 64 14.368 36.58 60.206 54 9 63.76 100 2 81.4 26 26.298 37.430 93.9 69 3 24 60.3 81 37.29 6.335 29.22 12 21 67.57 41.353 98.458 40.056 97.3 93 91.89 95 43 48.4 62.1 26 98.590 62 83.52 66 55.463 70.15 94 49 18.1 20.00 82.2 42 92 70.3 42 16.9 76.103 26 20 30.17 18 64.36
2.15 96 32.722 21.5 92 98 100 78 5.21 55 29.700 87.0 19.319 56.382 64.10 75 34.7 68 4.083 39 7 21.776 56 12 48.4 97.5 13 53 84 31 97.9 4.375 43 39.06 93 46.3 13 92 39.98 73 18.2 34.95 68 47.01 12.70 45 77 43 72.118 8 90.742 52 46 58 23 49.949 33 37 53.7 9 65.90 92 3.57 36 71 7 62 25 71.03 6 85.63 98.357 53.18 79 42.43 51 27 49.6 92.884 31.2 9 84.482 80.97 13 3.80 93.5 70.205 71.5 79 40.70 89 93.4 95.790 4.2 64 92.416 42 5.40 49.980 76
98.20 28 95.981 64.13 8 52.50 2.96 55.11 8.8 26 57 82.9 89.1 8 97.70 35 26 34.2 93 68.054 23.726 87.8 12 49 87 77.42 32 54 100 44 16.17 2.674 20 32 53.90 25 48 12 20.73 1.813 78 41 22.89 52 50.727 63.82 89.180 26.6 81 2 66 17.948 99 24.274 2.56 26.810 41.4 27 29 68 85.613 93 58 19 87.096 6.11 9.176 77 18.13 17 99 84 53.511 42.889 86 34.60 40 92 97.801 86 65.92 73.15 8.74 33 35.9 75 40 19 75 31.6 17 33 74 57.597 40.428 8.2 87.62 53 24 71
77 64 22.535 16 44 11.766 80.732 72.25 96.0 67.87 70 55 70.094 15.93 47.384 46 52.2 78.84 77.71 9.80 39 11.88 95 63 4 2.112 53 41 25 66.0 57.87 3.234 55 44.6 80.98 22 13.42 63 43.4 27.81 30.446 91 17.893 11 70.8 85.075 53 94 27.9 32 88 86.74 98 71.667 68 79.6 80.884 99.20 29.659 89 81.02 45.0 22 16 19.118 58.903 45 10.0 94 91 9.828 28.526 30 44 13.03 89.49 29 34.5 51 15 70.181 44.2 77 100 91.2 32 38.8 31.0 65 27.35 86 97.15 3.8 76.7 82 39 92 82.98 66.720 1
98.91 60 84 67.460 53.922 77 31 46 26 82.20 53 75 95 98 16.1 33.15 9 28.904 98.965 24.76 79.646 43.2 90.982 92.2 95 58 90.68 19 48 13.783 4 17.1 61.4 93 98 9.99 44 40.96 59 59.8 74.4 98 77 36 8 65.834 41.984 25 82.4 1.433 90.6 63.946 31.67 94 44.5 13.763 60 63 46 82.676 48.9 84 26 7 17.404 78.213 90.331 40.7 29 68.1 52.51 34 3 10.804 89 87 58 26.53 84 1 95.23 19 12 34 10 82 96 62 10 66 28 76 25.516 96.416 53.1 92.1 64 36 18.4 22
98.5 66 83 20 79 89.04 71 32 35 64.4 42 35 55.23 3.83 55 23 17.663 78.562 99.439 26.26 51.50 73 32 99 91.95 8.3 66.5 1.037 20.447 95 35.783 87 42 16.37 97.4 22 52.06 8.75 53 99 36 43 30.2 27.454 22.0 65.84 35.653 3 93.0 30 58 34 30.9 15.6 12.86 97 86.4 28 24 67.9 74 24 84.023 70 78 26.31 58.283 28 85.1 74 50 11 41 73 62 78.577 95.288 94.64 78.9 71 44 73.0 71 79.60 26.58 25.808 77 35 91 11 38 15.36 63 70 77.61 14.026 17 40 16.418 44
83 35 21 91.1 86 94 32 45 29.30 47 4.62 49 61 63.54 76.4 77.98 37.24 18.8 19 82 96.6 50.2 52.72 19 81.349 15.697 75 92.544 14 38 30.87 71.08 53.8 75 52 36.5 2 19 61 83 73 14.19 44 84.8 87.66 7.5 71.8 51 76 68.21 2.62 34 86.64 88 26.0 94.766 24.836 73 24.294 62 15.8 58 88 3 79.1 90 10 6 77 20 23.542 97.2 38.95 89 80.9 52.6 85.72 56 36.8 84.701 38.18 56 17 42.76 51 44.1 77 82.33 27.86 71.21 17 33 66 88 86 46.296 40.208 28.677 56.36 13
84 81.314 12.286 73.991 68.581 6.999 60 51.221 18 72 4 39.14 60.2 77 35 83 35.200 83 90 53 42 91 52.5 87.57 1.953 38 56 81 64.12 25 23.54 77 67.4 77 47.3 60.512 70.6 80 78.279 47.9 66 100 62.16 6.4 60 9 19.32 92.9 74.7 7 30.182 62.965 11.7 29 85.5 59 13 96 72.5 13.2 42 88.3 43.2 18 39 77 82.89 44.51 52 3 2 15.09 3 77 73.658 45.418 88.952 69 67.6 91 77.3 48 47 43 12.688 18.24 23 61.631 82.050 70 25 52 54 88 15 24.3 51.92 85 37.24 11.18
90.139 63 70 45.8 75.79 75.6 45.863 93.4 64 91 74.5 51 41.33 29 58 68.23 43 8 31 92 21 59 59.8 97 63 37.463 70.094 73 78.64 86.5 35 32 4.5 79.9 25 40 47.565 43.6 98.85 73 91.83 38.281 35 62 1.8 73.7 35 97 88 8 24 24 4 6.63 87.332 100 20.25 36 2 83 77 51 5.433 68 24.188 28.5 62 17.30 29.0 29.52 84 34 80 52.9 53.19 91 89.8 42 74 45.5 53.69 26.8 54.6 89.2 50 72 72 9.315 4 31.664 62 43.976 16 34.67 52.72 84 52.6 13.5 74.1 25.245
67 50 42.8 80.113 51 22.587 75.684 37 34 94.9 8 83 86.41 31 78.872 44.9 48 79 47 65 75.186 65.290 92.1 84 51 85.5 91 51 12.406 36.23 9.076 47.558 48 83 40 94.710 59 31.9 47.50 3.48 95.04 79 90 44.4 48.93 56 84.82 24.562 11 15 52 96.69 2 81 60 30.996 96.330 24.7 86.311 16.8 42.060 76 73.49 13 12 83 77.506 45 66.14 29 69 90 92.74 55 56 75 96.33 64 14.6 17.48 76.622 92 5.9 58.532 51.7 76.6 30 94.748 82.9 55.001 54 4.98 54 30 97.381 29 100 94.426 42.120 77.672
88 90 63 57.9 2 68 68.64 22 72.216 84 42 83 91 19 5 11 23 58 59 73.55 47.59 64.441 84 44.068 39 1.71 68.93 50 33 70.79 47.324 98 22 58 45.243 53 22.032 62.0 37.01 70 58 90 29 90 60 85.329 57.132 17.567 40 38 32.41 89.26 83 54.67 48.4 52.542 96.30 60 64.24 79.974 65.6 17.612 55.19 39.783 76 26.368 11 38 83 33 45 51.06 77.522 59 19.31 48 93 33 74.301 36 69 79.0 46.9 21.495 41.32 87.741 63 57.0 58.62 1.773 63.173 79 69 28.55 34 84 40 84.0 97 86.74
48.388 97 18.28 43.22 80 74 63.8 41 20.4 1 36 38 69 87.89 33.2 32 86 96 64 19 21 15 63 23 52.2 81.129 93 22 36 68 34 89.92 21.163 7.10 27 1.330 5.3 22 65.10 31.15 74.63 12 44.47 55.47 68.816 94.706 84.36 25.443 56.7 32 88.2 9 68.043 31 12.13 79.4 19 54 11.2 59 9.5 85.892 31.85 59.72 92 76 28 87 18 88 32 77 84 68 56.623 72.80 55 2.5 55.759 13 17 82 61.244 35.933 38 9.52 31 22 60 77 55.928 54.44 50 43.11 45 84 93.06 15.99 92 81
40 75.4 32.062 73 52.29 88 49 41.7 73.772 18.1 2 72.30 4 39 74.46 34.1 36 11 15.1 84.4 11 11 62.9 86 64.2 79.831 13.047 2 45.173 76 34.0 59.30 69.77 69 83.776 90.654 3 45.574 53.497 78.90 62.240 34 92 51 11.11 95.996 36 13.2 58.90 55 86.24 27.751 67 94 77.7 5.579 64 23 38.1 92 35 69.262 38.2 89.22 70 92.536 46.66 77 7.3 34 31.3 78.01 52 71 64 25 76.00 93 7.149 61.272 28 7.416 88.763 17.13 73 25 70.4 50.14 40 19.11 18.76 45.533 6 36.19 25.193 94 26 13.617 97.09 97
15.9 91.918 17 21.29 45.4 65.69 68 63 22 6 4 51 65.62 59 3 69 29 96 92.50 69 88.3 22 12.634 62 59 23.848 84.5 67 45 80 16 57 50.782 67 62.611 16.730 37.088 55 69 45.66 5.158 33.7 84 80 80.9 13 73.9 73.167 71.83 83 69 54.85 46.30 22 75 74.7 36 79 7.0 47 22 86 79 92 31.4 24.9 53.094 36.04 72 5 65 13 78.121 11 28 9.83 54 67 73.244 53 97.27 62 53 25 78 94 97.587 68.1 53 61 61.93 97 31.2 76 20.230 78.7 50.046 55 90 33
14.455 99 58.50 36 43 92 42 88 28.1 60 29.3 70 87 30.70 41 11.454 1.30 13 50 97.4 23 9 27.840 65 92 46.45 55.367 43 80 53.8 14.93 11.5 29 58 60 67 29 16.0 74.117 1 28.1 95.131 12 80 52 89 57 43 54 36.95 77 52 54 25 3.4 84.2 45.79 34 74.1 7 63.84 64.949 64.3 58 91 29 84 97.983 47 45 43 61 89 2 81.523 29 84.7 7 10 1 5 95.013 18.59 22.356 93 96.4 29.19 97.023 50 89.41 77 20 64 58 59 53 55 68.078 41.275 51.256
23 40.791 29.72 90 90 36 98 73.8 38 22.0 72.263 55 33.9 12.9 85 46.4 14 73 3.043 84.385 29 9.0 80 19.39 39.563 28.016 39.878 36.1 93 10.9 38.403 32 13 91 48.17 67.3 24.224 84.75 47 74 15 8 25 49.218 96.81 81 40.0 32 36.96 80.8 49.58 39.93 16 50.026 43.29 95.64 19 97 2.27 74 31 86 67.322 13 45 41 41 36 52.651 65.602 96 14.7 27 95 8 55 24 67 32.07 60.34 2.689 77 74 73.7 58.987 8 38.8 53.38 88 83.7 45.526 62 98.687 54.0 95.440 14 64.85 27 83.1 96
83.3 54.45 78.06 88 60 99 83 3.5 66.851 55.655 54 67 99 74.960 58 17 88.822 23 52.36 83 16 27 67.4 12 48.2 63 60.8 8 69 97.58 75.309 5 5.189 4.07 64.6 7 1 49.42 73.3 20 51.928 45.0 99 73 67 48.840 96.7 63 62.04 33 21.06 18.4 10 51 43.1 11 61.0 24.41 23.8 71.22 83 9 65.3 20.99 21 46 27 84 1.25 89.423 76 69.1 12.066 97.63 16 76.997 68.8 15.57 32.034 35 53.17 84 59 3 45.3 9 10 87.233 2.0 71 77.0 94.54 42.9 50.67 1 42.935 31 50 41.50 25
26 66 74 78 67.427 87.0 12.440 77.57 27.55 66.045 25 69.838 26.332 48.52 75 68 13 36.1 21 48.400 90 61 69.524 76.42 31.63 81 26.56 91 38.26 97 58.35 28 63 100 29 74 47 33 56 12 77.0 43 41 47 67 48.728 56 10 93 6.24 41.69 18 43 9 11.140 65.20 45 93.363 33 49.416 46.398 59.82 62 93.0 2.2 10 29.67 41 33 50.380 69.0 32 75 62.773 78.7 13.29 74 100 27.66 97.2 45 54.233 50.95 78 26 35.9 93.84 28 49.87 72 98.1 14.7 64 95.76 29.105 81.726 21.87 69 21 19.1
26.405 97.6 7 57 61.734 97 93.76 9.269 19 2.98 79 30 16.379 35 60.738 71 100 11 68.06 26 88.40 93 22.9 44 36 47.2 69 7.64 58 12.591 100 89 100 10 35.9 88 48.251 65 2.72 75.2 71.13 60 57.3 85.7 14.16 15 52.16 86.19 27.44 29.73 48 94.713 40 8.723 69 98.28 91 96.20 89.9 64 79 22 6 50.5 55 41.2 9 31 69.451 14 6.815 95 28.48 29.56 38 19.820 81 88 88 55 57.049 19 92.2 41.37 59 78.242 95 8.3 26.676 25.888 36 24.79 4.02 91 27.39 84.043 95.2 52 39 49.1
49.771 29.788 58 3 56.19 90.0 95 46.255 84 52.67 68 74.749 67.143 93.281 39.7 90 74.3 13 53 78.44 45 56 78 55.7 66.03 5 44.14 5.784 40 95.6 1.51 43.6 7 95.58 9 35 66 44 70.22 94.4 39 23 29.66 20.17 54 26 87 66.51 21.8 3.6 80 22.1 13 45.611 23.1 88 17.2 31 67 44 70 88 89.21 89.08 9.190 52.45 27 58.057 18.6 97 12 72.168 7 19.639 92.4 44 73.913 30.0 81.37 13.38 34.383 14.4 25.170 81.86 40 12.11 37 12 39 51.62 79.637 81 4 4.67 12 14 8.1 38 70.771 32.87
6 25 31.8 77 100 73.8 15.39 83.6 50.24 54.5 53 97.16 99.960 68.7 3.9 54 90 80 24.7 18.1 99.2 17.59 43.8 5 9 59.266 92 7 78 24 80 94 91 9.05 89.37 59.8 56.00 47 65 45 89.57 94.412 73 42 24.550 67 30 14.76 9.16 48 35 91.4 37.252 44.72 89 75.37 95.896 38.06 34 55.180 84.791 77 8.2 77 29 52.367 24.272 90.5 25.65 70 89 58.513 80 77 27.917 90.3 87.4 76.31 27 93 66.9 6.39 91.709 20.24 69 34 90.7 79.17 83 86 25 54 21 14 41 64 8.44 17 7 1
22 61 18.4 17 84.534 7 60 27.17 65.626 36 52 15 25.6 54 18.633 2 81.8 74 12 35.13 52.5 19 52.690 19 99.51 20 87 15 58.977 47.94 46.7 78.9 36.4 74 94.9 23.98 70.0 23 22.320 67 25.0 78 41 75.3 7.006 88 36.8 67.767 10 58 99.982 40 43.7 34.8 55.03 70.52 26 5 21 14 52 88.3 35 59 74.5 61 53.3 31 89 54 32 63 51 53.7 11.762 98.7 17 2.9 4.795 3.562 82.16 99.6 1.032 47 76 47.6 47.17 22.2 64 71 12 32.67 67 69.2 44 96.39 41 93.18 11.7 34.26
92.854 13.5 66.67 4.320 54.33 44 88 83.405 92 81 79 1 66 79.63 70 22.1 35 3.560 24.6 36 40.5 44.01 64.2 22.656 30.2 32 7.4 86.187 38 73 3.6 71.8 40.12 12.9 26 100 67 91.67 97.342 64.9 33.9 30 28 82 76 37.9 25 62 23 37.8 14 23 33 20 14 34.6 89 40.589 60 61 62.818 43 72.10 21.165 71 34 99.12 88 77.718 59.638 58 52.323 85.566 72.807 75.298 35.38 55.6 99 75 73.495 24 68.557 19 52 36.806 55.344 50.20 75.765 79 91 33 48 22 71 82 97 16.613 56 7.2 88.3
69.76 95.8 14.492 78.950 9 85 45.334 61 17.41 69.663 56.674 21 8 74 49 76.6 26.908 39.44 65.758 28 78 41.48 58.86 5 32.64 12 57.01 96.8 68.6 7 1.2 56 40 94.039 86.83 48.587 90 78.643 27 55.001 43 36.76 23.345 40 51 49.54 88 97.113 89.90 30.5 56 1 83 20.3 12 20.986 31 32.6 62.8 6.11 88.77 90.763 66.2 30 82.410 90 30.84 45 96.8 71 24 38 51.8 14 75.2 93 74 30 87.926 60.3 65.4 99.793 89 13.74 47.434 30 24 51.12 67.2 63 58.214 41 96.0 60 62 20 38 36.468 88 47
42 29.076 32 90 71.453 46 42 100 32 15.359 2.5 96 41.86 21 43 18.2 20 27.45 26 75.4 90 63.6 46.2 12 44 72.78 2 70 64.97 35.819 21.8 91.34 87.60 28 13.20 77.7 14 4 93.7 91 74 49.74 98 32 74.9 58.462 94 31.4 13 10.56 56.1 91 73 43 55.828 91.5 11 30.503 24.8 51 88 11.5 72.6 21 90.0 67 21 75 67 57.308 26.584 54.51 2.0 24 43 77 86 70.7 96 59.814 47 89.0 25.966 3.66 56.709 53.09 71.17 9.88 42.43 9.341 97.0 97.0 73.50 98 62.533 41.054 75 63.31 58 64.2
69.6 64.768 45.0 97.5 3 47 81.6 31.903 77.6 83.6 19 70.2 90.80 17.3 29.63 24 37.03 57 58 40 78 51.09 71 25.146 38.26 77 44.1 18.18 45.382 98 95.215 72.55 64 39.67 18 65 50.86 50.7 32.0 42.31 66 15.539 44.477 68.845 52 24.4 57 65 26.72 51.822 33 85.801 93 26.7 80.21 93 17 50.025 11 47.41 75 70 85 19.96 30.5 13.1 4 75 1 69.61 34.27 95.135 65 82 9.3 62 37 89 12.1 67.6 20 4.6 65.22 12 9 74.191 89.288 24 96 72.75 60.6 81.662 63.6 56 62.8 39.987 27 59 10 6
70.07 86 47.210 38 26.578 83.822 36.58 80.4 80.65 21.531 77.8 85 93 14.77 55 96 38 84 33.7 31 27.9 86 7 50 70.969 13.619 90 59 47 49 94 94.0 44 8.100 78 6 69.214 45.04 80 70.39 50.8 32 86.782 43.32 92.65 37 70 28.204 95.9 27.1 59.34 92.5 33.32 43 57 70 36 69.371 16.9 97 97.6 70 99 84 26 88 16 4 20 35.8 39.11 37 58 37.51 78 24 57 100 91.7 69.36 86.30 48 57.435 93.51 82 3.0 13.83 83.239 23 57 43 55 42 19 27 31 18 32 20 4
16 93.0 51 34 36 58 24 3 63 30.3 44.56 96 34.14 72.11 7.94 52.10 1.299 93.75 54.30 70.87 47 12.9 11.9 39 56 82 100 66.1 98 39 38.072 57 28 98 31.457 78 21 48.61 6 9 97 28.256 31 26 38.59 63 54.1 18 91 91.0 60 55 8.68 93 94 86 58 35.315 14 23.8 27 58 41 90 72.45 42.36 63.18 51.7 52.6 34.3 10.99 98.3 35 44.456 90.4 87 47 39 1.998 15.219 37 26 82 26.609 83 64.879 40 96 95 79.4 68.818 17.10 63.0 48.104 37 58 19 70 2 96.872
80 13 95.2 12.1 9 56.81 61.1 15 41.0 83.65 62.688 48 45.2 96.0 5.517 97.6 24.2 75.4 29.435 11 32.1 82 96 51 18.95 43.23 16 70 5.057 54.9 88 3 62.35 80.16 98 37.5 74 79.9 50 83.60 2 52.9 40.1 20 47 46.41 2 65 16.2 61.6 28 14 74 58.2 73 14 99 83 91 37.60 85.322 1.050 33.1 80 52.36 64.011 52 74.744 34.2 4 77 65.6 30.28 95.9 69.8 59 50 78 75.75 29.10 11 28.7 83.9 85.4 73.65 97.06 67.9 73 55.2 27.98 84.1 15 25 79 98 50 43.44 84 36 78.861
