smalldata
72.7 70.279 98.442 52.352 64.636 35 80 93.4 6 6.1 49.40 1 36 22.549 68 99.74 39.398 6 91 41 12 78 46.381 79.46 1.6 50 79 30 91 47 56 8 32.4 17.977 69 16 11.127 21.151 44.44 1 65.10 20 53 59.8 89 56.97 71 54.6 63 91 39 55 97.7 6.3 18 28.47 79 19 4.439 96.1 66.8 23.537 45 95.2 48 58 37 57 64.1 37.555 23.153 22 43.16 52.9 78 10.0 7.8 72.06 39.9 55.73 34.178 39 29.602 68.1 31.7 86 70.6 43.7 32 8 99 28.123 66.0 83 42 38.601 94.5 99 83 94
95.7 100 88.1 31 46.950 98.02 65.5 75 57.78 65.28 18.7 42 12 72 31.95 34 71.61 64 45.41 71 40 4 94 46 7.63 32 51 3 40.62 81.64 45.25 46.18 24.401 70.175 95 36 7.8 66.2 53.849 17.8 37.553 76.7 97 23 37.2 85 60.1 23 52 18.758 23.7 56.074 97 86.17 63 50.52 73 98 83 19 41 14 4.770 12 50.0 62 83 82.572 29 58.6 61 28 2.0 2.282 61 99 82.343 61 84 70.883 69.8 95.0 31.43 34 43.4 2.46 70.869 96.409 70 12 42.375 56.4 7.17 74.98 45.30 34.06 83.6 44.369 85 89
32.4 73 5.29 74 5 14 10 13 80.46 56.77 14 81.13 30 21.401 41.878 13 49.386 2 87.52 48 64 50.674 61.47 50 13 78.396 62.8 93 65 33.28 31 6.0 54 33.525 35.694 58.58 4.174 13 31 32.6 43 51 99 68 75.368 47 43 49 78 23 86.673 52 29 97.7 13.4 20.132 23.62 95.33 84.17 91 60.9 68 84 97.970 91.87 42 3.1 40 65.74 55.13 27.08 93 86.141 88.505 93.769 50.227 34.71 34 25 23 46 36 27.5 10 98.05 21 76.2 90.31 62 13.2 36 91 23.399 50.6 76 17.42 8 98.9 5.38 92.533
14 48 39.981 8.428 96 59.91 71 91.19 85.8 91 34.274 47.82 73 23 64.979 4.0 33 31.56 97 8 95.520 2.28 20 69 76 85.404 81 81.4 50 70 35 3 16 97.1 92.91 75 51.0 16 85 78.9 82 63 63 69.1 82.57 74 58.789 79.7 11.318 42.2 55.3 33 31.045 97.1 30.94 7 70.35 36 37.112 80 10 65 44.6 14.846 95.254 51.25 4 12.55 68 86.45 36.23 80.6 25.119 60 76.136 72 94 20 32.6 74 71 9 65 83.69 14 5 76 93.461 70.84 24 18 73.37 30 88 70 51 22 94.6 84.1 1
63.1 20.40 11.56 30.0 41.82 4 50.721 73.655 45 78.734 54.1 11.4 63.011 98.5 31.69 88 46.7 74 13.3 86.51 15.340 38 37.180 30 74.26 99 83.7 97.39 68 61.6 95 43.3 59.072 31.3 57 82.7 59 32 84.16 67 63 71 63.0 18 81 12.2 24.416 96.56 23.1 37 13 52 93.53 18 45.101 46.51 2 88 74.66 42 9.00 48 42.49 55.459 17.1 83 98 47 13.10 22 31.009 63 42.158 87.46 78 89 45 63.58 11 2 8.9 75.95 12.1 1 42 41 63.2 37.5 31.48 90.1 50.1 93.983 57.38 41.64 19 25.090 58.1 18 36.901 70.0
22.2 83.992 12.258 82 94 58.2 62 4.972 9 3.303 99.32 3.80 79.0 3 45 67 83.8 90.95 11 85.0 14 30.7 18.62 19 77 9 54.62 4.118 90.6 28 47 23 99 92 6.089 55.766 87.789 20.6 45.31 90.24 95.5 84.94 70.995 99 77 67.104 94.22 65.0 72.36 31.45 96 29.04 95.623 18 3.3 57.7 81 18 42.37 31.88 19.382 92.607 1 25.7 54 82 75.878 67 28 52.8 24.260 13 81.801 78.225 81 28 46.40 99.422 50.93 71.610 1 56 45 41 93.76 53 64.980 23 27 62 37.41 38.3 92.5 69 8 65 42 55 28 29.980
35 31 41.1 18.3 61 39.37 70 75 8 82 54 70.87 33.20 22.67 52 97 51 74 61.063 30.02 40.658 2.0 97 50 22.9 14.3 49 10.9 35.73 33.992 88 16 31.5 9.950 57.00 71.888 36 75 59.39 49 92.11 96 37.4 66 57.611 19.65 10.858 44 11.21 33.111 83.6 51.3 79 62 45.752 51 40.8 46.99 91.68 44.594 71 69.28 76 32 100 38.688 80 69 4.361 75 23.2 96.35 29.68 74 34.76 78 88 12 83 72 41 64.09 2.21 97 88 25.082 68.688 67.168 82.403 64.909 74 48 48 93.4 44.698 78.30 32 7 7.4 67
20.36 63.4 53 14 27.30 64 43 74.0 58 84.4 65 44.63 89.0 74.22 73.42 55 74 42.6 10 15.56 63.29 57 97 47 26 8 91.08 17.9 35.3 15.5 92.8 35.6 91 22 94 56.04 27.3 9 37.23 1.48 29 65 61 15.680 88 41.6 13 33.7 30.335 85 56 24 48.447 94 36 99.052 15.9 25 83.9 53 81.439 21 34.5 34 67 45 28 99.79 4 45 69.2 19.55 57.72 56 17.48 94 26 19.53 20.81 86 31 100 38 49 19 80 41.0 19.427 81 84.1 33.6 30.67 89.622 45.34 49 42 91 57 40 62.9
74.4 52.62 79.1 5.184 38.4 27 55 10.869 48 97 56 70.44 3.477 85 80 59 76.507 62 38.001 26 64 84 75.65 26 90 73.35 17.8 55.5 4 94 21.27 42 87.032 26 17 58 7.51 99.816 51 24 12.92 4.33 7.121 50 14.47 81 79.865 76.026 17 79.27 62.532 19.524 22.15 33 79 51 84.9 28 35 56.7 49.961 43.43 38.93 45.48 22 20 23 20.017 48.88 59 48 31.45 6.30 60.7 17 10.110 74.819 50.22 3.0 91.33 28 26.2 21 91.462 82 82.79 70.23 55 18 71.9 80.8 56.37 96 4 85.0 13 74 24.633 33.69 53
27.5 65 92 43.70 19 60 9.528 5.26 80.4 59.5 75 45 77 88 75.654 98.36 56.933 45.61 93 83.165 99 62 38 97.63 99.2 94.555 67.24 53 6.6 30.164 25.65 12 37 64.482 67 95.37 92 57 49.1 88 5 43.61 94 44.4 15.038 76 91 39 98 63 31 76 32.5 57 17.17 99.0 77.11 2 29.9 77.6 12 60.16 36 63.23 59 94.43 96.49 29 59.667 76 31 18 84.4 71.56 69.62 47 30.474 21.668 8.13 64 86.2 76.171 42 35.92 57 71 26 73 39 83.97 22.057 90 40 32 76.4 24.4 44.518 58.8 1 38.87
46 25.85 98 29.3 34 6.23 56.505 73 52 81 47.85 45 22.2 57.670 26.812 39 27.805 85 82 80 83.88 39.0 6.5 55 94.93 64 25 56 100 53.384 96 45 99 20.687 99 37 19.1 92.8 58.365 11.98 3 89.322 14.56 71 26 39.3 84.012 7.19 49.281 75 97 51.354 23.01 29 22 40 72 42 30.2 65 77.546 75 42 76 13 37.2 21 95 63 80 41.572 11 12 57 82.678 84.1 53.017 73 5 30 73.2 51 13 62.35 43.26 72.71 28.497 19.133 9.2 69.364 92 62 100 1.841 33.077 86.4 95.495 61 42 18.231
51 80 43.2 96 25.245 90 18.6 5.822 96 77.3 79 49 57.806 34 9 41.74 36.438 85.55 70 44.60 2.33 68 93 41 17 80.161 4 82.826 69.9 16.034 47.242 39 29 63 38 28.738 75.3 48.41 8.046 1.004 100 31.791 33 66 99.725 43 49.593 57 19.08 21 56.6 75.6 82 37.4 86 93 89 50 57 7 4 82 54.453 83.8 51 21 34 25.78 7 11 18.874 79.2 94 96.191 8 67.495 22 84 88 57.828 25 24 45 34.38 95 78.38 12.688 11.8 40 47 81 46 64.6 45 1 84.8 42.328 72.13 52.140 61
60.755 38.2 15 50 4.93 95 96.78 44 13.46 21.4 51 70.15 59 63 86 20 78 55.23 77.681 44 73 51.641 52 72 31 47 54 69 8 72.37 49 65.391 37.9 4 91.9 66 24 35.9 79.69 21.60 82.021 28 65 13.7 5 25.8 33.39 89 68.328 44 34 15 99 6 45.7 90 18 6.011 34.4 34.76 85.789 26 49 56 63.3 27 16.551 88.4 27 47 17.9 97.050 78.466 17 68 58 63 27.84 43.390 59 57 80.15 29.2 38.4 61.086 52 75.938 53 19.994 92.4 71.486 2.5 29.38 74.64 89.445 71 93.281 70.798 78 73.23
40.11 15 79 74.94 57 8 95 79 57 4.782 8.796 12 51 21.218 61 97 23 29 5 34.340 93 50 41.79 6 75 38.2 90.179 40 77 5 12 23 97 96.1 68 92 85.786 5.88 44.39 48.92 58.6 95 18 90.4 23 41.67 59 20 30.6 89.5 23.722 78.8 22 39 18.1 33 22.82 22 76.737 96.727 82.352 23 45 2 46 28.0 3 52.52 18 23.36 53.5 46.7 59.94 50 76 72 26 27.03 57.16 28 36 48.4 41 88 70 53 23.2 58.6 49.031 61 99 13.02 31 44 80.468 43 42 70.6 67 69
2 42.91 88 34.7 39.344 27.406 65.93 57 49.976 43.75 97.604 15.4 58 65 31.5 20 84.94 33.93 36 48 81.0 4 87 51 1 69 96.568 16.392 21.44 26 98.93 33.491 50.8 31 58 16.0 99 60.729 35 80 78 17 35.572 96 5.567 42 7.33 76.15 94.50 85.8 70 94 21.121 79 44.867 44.2 87.030 58.6 35.19 20 86.070 13.770 22.85 6.0 37 85 9 20.8 83 16.4 10.54 89.95 92 59.84 61.96 60.257 42 94 81 79 68.1 10 90.74 11.23 62.8 15 77.7 34.7 61.2 11.8 51.179 92 23.5 38.463 34.212 5.019 81.52 42 71.2 18
59.6 90 54.651 24.399 43.545 43 90.69 72 47 71.06 64 97.152 97 25.427 29 13.881 43 48.1 41.11 64.33 2.875 68 5.914 65 63.96 35 98.61 32.975 55 70.38 20.0 45.8 36 75.820 36.086 52.75 74.4 63.001 53 87 24.628 11 86.471 52.38 84 64.4 12.247 88.742 4.3 96.020 92.295 58.38 39.81 38 37.4 94 9 30 36 35.2 62.83 61 75.8 70.98 78 4.5 4 22 77.8 33.331 79.40 98.38 58.8 63.2 54 20.36 37 83.9 51 12.02 78.08 72 14 35 91 14.5 81 3 42 62.529 42 4.97 38.227 92 72 11.35 51 98.237 75 36.73
48 11 58.644 72 84 42.6 59 73 30 54 92.32 76 73 55 14 71.62 8 16.2 19.883 41.06 66 86 20.0 94 35.1 64 84.5 46 76 30 1 8.88 43 76 26 11.8 2 27.7 96 73 77 88 73.36 94.6 25 100 28.669 62 60 75.46 92 70 2 66 75.80 44.12 22 32 14 80.10 50.79 9 95.441 73 41 82.044 70.90 92.1 29 62 16.9 94 34 68 96 54 70.6 55.63 42 52 88.2 12.05 6.8 45.26 92 54 38 57 83 32 69 17 46 37.70 95.7 32 29.46 35 68.5 2.9
56.91 89 85 70 69 59.9 28.71 48.87 75.89 43.4 86 25.9 26 14.84 9 9.298 52 66.123 86.7 17 18.5 73 7 96 69.098 40 96 24.001 45 94 9.01 62 32 13 28.542 4 39 42.903 20 17.7 12.237 44.29 96.894 12.89 1.63 90 67.4 59 18.45 95 42 96 94 39 36 72 8 12.59 28.7 59 43.93 24.90 49.67 12 23 7.23 26 88 36 89.1 38 32.42 22 88 34 89.9 85.8 19.57 36.01 79 45.38 12.83 70.1 48.699 14 18.319 8.8 23 45 83.68 97.664 94 34.318 30 92.813 36.0 22 22 64 15.4
55.40 73 15.0 62 84 69.888 37.158 42.99 37 84.10 12.388 6.64 14 34.86 13.6 47 72 52.911 51.36 1.6 98.0 14.3 10.7 13.809 50 22.5 16 94.89 27 11 41 17 73 45 75.0 71.47 48.03 97.875 12 53 41 33.600 36 5.4 55.116 3.1 1.18 44.061 47.80 49.11 82 72.7 20.669 96.93 23.08 73 29.299 77 89.158 19.3 100 18.602 38.754 53 16.35 85.726 17.878 29 47 51 18 20.32 76 65 45 18 75 42 33.71 1.992 79.28 67.16 47.259 77.1 18 4 13.404 37.30 79.8 1 25.940 50.29 13 68.422 87.99 72.92 95 86 6 47.9
80.3 31 68.4 88 74.2 68.9 10 7 88 48.893 12.63 70 79 32.400 28.37 74.98 9 96 33 83 53.847 98.911 34.8 19 27 66.1 56.93 48.476 26.343 54 97 58 50 36 48 58 60 59 95 23 83.645 97.3 35 58.938 46 87.2 27.1 82 25.09 84.328 1.715 68.517 62.072 31.6 39 48 25 41 1.4 62.7 72.102 14.361 91.231 11 88 91.8 25 18 94 1 10 21.8 9.906 8.24 91.00 17 96.7 5.03 51.394 48 65.516 17.4 16.9 45 36 22.309 76 86.6 24 10.510 22 86.550 40.273 80.8 95.3 43 46 14 11.57 89.5
50.5 15 52 15.3 52.627 77.13 82.6 59 91 35.968 28.03 17 19.1 35 13 75.204 73 18 31 84.7 74 23.4 68.2 62 38 2 87.2 87 59 38 77.699 54.695 18.531 12.6 27 35.545 62.870 27 46 14 67.5 57 76 37 54 78 39 24 97.8 14 48.31 47.4 86 75.888 72.708 83.57 20 54 92.2 58 47 23.57 36 90 66 30.8 1.3 32.1 30.88 69.252 93 89 68.213 60 29.0 97 7.269 40 45 58.800 96.0 61.0 83 72 58.7 76.901 52.27 71 44 64 60.89 94 38 4.8 8 11 60.499 7 64.91 57.804
41.30 34 32.98 88.8 18.289 88 13 88 35 74 91 74.369 85 15.8 10 62.30 37.72 30.60 86.1 26.3 35.340 71.15 92.635 46 64 85.32 50 24.9 49 26 90 4 53.74 52.32 33 68.57 55.2 96 17 26 49 54.758 82.8 6.39 3.9 81 46 38 19.065 43 6.654 45.650 13.41 77 1 88 22.415 82 70.375 44.017 18.700 28.446 32.6 41.267 21.163 55 19.2 30 78.310 55.76 23.64 53 36.41 83.872 86 84 18.461 33 17 68 38.049 24 46.40 14 77.05 88 62.49 79.512 83.6 27 36.0 68 43 52.9 12.7 50 15 40 26.1 13
65 1 70.577 34.3 70.07 89.6 70.7 84 81.1 40 18 21 15 14 35 42 64 4 88.79 60.79 99 67 75 24.31 82 100 1 62 7 54.1 55.24 28.02 34 57.4 12.552 97.0 30.368 77 61 53.21 64.623 78.1 79.0 54 95 36.035 88.298 58 55 26.462 11 47 52 85.736 66 71.6 39.33 70.17 47.0 55.993 11 85.91 21 46.83 8.0 77.540 56 48.854 82.70 3 2.995 52.32 74 19 80 73.2 63.29 79 65 95.5 89.88 48 90 35.692 27.03 14.089 6.9 59.83 55 96 43.901 45 8.208 42.6 11 84 47.9 55.17 7.444 43.5
26 79 31 48.6 31 88 7.5 29.77 29 18.87 96 37 19 39 31.09 92.436 32.74 5.2 47.81 66 87 56.167 27.9 12.679 81.146 70.473 64 46 61 84 93.906 48.992 30.29 34.15 83 78 75 17.7 45 60.3 4.162 1.47 22 23.6 76.803 47.385 46.930 40.31 10 76.4 12.8 95 23.909 68.010 36.5 93.992 21.53 62.7 22.9 24.819 80 25.7 16 85.9 68.49 4 44.8 27.0 22 46.47 38 32 36.121 72 49.633 51 28 93.415 24.871 3 53 31 98 77 59 33.21 93.228 63.5 27.532 13 84.32 6 43 41.180 73.2 1.697 2.142 44 7.904 50.651
31.7 30.841 34 51.016 49 17 1.533 17.10 41.6 26.6 37.0 33.46 76.947 26.3 33.1 61 48 23 33.00 55.00 1.558 10 89.5 49.611 61.985 84.11 31 39.071 27.375 86 98.275 8.8 1.1 15 56 80 98 37 21.967 59.97 35 85.37 98 8.50 81.717 71 41 19.4 34 96 15 56.737 87.130 95.395 32.77 1.3 39 72 42.1 75.4 79.343 69.0 49 9.52 22 63 4.737 17.554 63.104 69 5.251 8 22.35 55 10 21.7 86 82 26.41 3.855 90.473 94 14.739 80 58.7 50.8 44.84 6.02 14 30.03 53.576 54 16 46.2 91 83.499 27 75.5 72 10.8
33.2 66.1 73 10 45 8.5 98 60 93.0 74 92.98 13.83 22 100 98.3 96 98 14.539 5 68.414 29 28 60.530 6.4 91 64.006 79 85 16.9 31 91 27.90 61 10.094 45 48 6 95 1.75 95.8 45 61.137 82 96 74 95 83 25 63.630 58.52 39.4 30.73 54.342 22 71.85 37 25.44 32.3 6.374 56 5 83 12.2 10.6 3.6 26.91 72 33.8 43.544 73 70.8 78 49 75 99.083 32 45.6 58.93 28.519 15 94.8 28.1 41.671 25.0 88 29.11 33.2 62.356 61.996 11 71 31 8.503 18.4 10.5 39.7 37.5 81 49.7 77.511
1.57 13 52 56.36 69 49 45.2 79.288 88 60.020 83 4.14 11 17 26 48 22.52 42 15.038 58.976 23 73 96 45 97 89.92 7 13.445 83.47 39 78 91.7 82 90 52.0 15 7 32 74.831 85.33 86 9 91.9 72.230 25 90.150 18 9.2 87 30.24 59 47.47 95 76 93.9 12 36.32 55 82.9 69 33 95 24.22 84.6 20 34 98.636 61.25 54 3.2 35.75 29 8 50.841 82.6 92 60 92.05 83.89 95.183 68.154 67.8 61.7 73 5.9 66.3 56 40 14.4 1 13 22.12 83 62.63 49.798 68.1 65.19 37.8 77 53.079
45 21 20.84 100 11.7 11.7 12.447 41 42 44.674 37.329 25 13 71 1.0 97.92 88.5 8.98 74 89.6 100 86.921 29 76.54 5.6 73 49 33.0 26 82.1 55.558 41.426 83 7.697 93 6 92.71 83 43 77 75 71.74 92.752 35 72.48 71.6 75 81.0 52 48 47.13 48.1 97 56.34 1 79 98 75.519 41.6 80 7.052 4.736 23 18 100 75.5 18.429 75 77.8 33 62.4 39.68 73.58 16.47 83 95.48 11.730 27.3 12 74.2 87 95 6 13 49 43.199 98.8 3 97.49 63.6 18.7 36.29 53.790 59.6 71.517 83.15 39.972 80.6 23 47
22.8 64 9.9 88 48.75 27.40 57 38 62.2 10 15 71 92 15.4 49.92 62.2 96.1 18 32.99 10 81.3 10.041 93.25 50 95 88.94 76 76.554 65.23 66.1 77 44 42.935 84.655 80 20.61 55.4 5 85.153 90.4 72.801 56.6 3.18 20 18.4 83 53 67 26 51 67.893 97.853 61.8 33 27.0 70.45 20 62 94 6 53 81 67.6 99.3 54 47 46.9 4.529 99 36.12 7.84 27 4.61 52.55 78 98.263 78.5 84.77 81 83.33 83 70 82 72 52.594 23 28.14 41 21.6 7 24 36.2 42.43 82.8 39.280 15.939 88 74.109 95.14 56.67
12 2.42 39 67.469 28 11 62.7 49.66 43.165 82.403 79.788 56 80 15 7.37 67.64 80.2 86.82 93 43.40 94.290 46 27.687 10 12.379 8.75 96 3 40 18.748 43 89 47 30 27.7 83 24.4 35.8 95.1 48 27 65.98 94.57 51 30.659 29 7.6 4.8 9 25.55 45.26 50.91 66 32 11 77.336 12.051 75.74 50.55 36 67.666 16.81 35.57 63.58 5.54 5 14.0 71.489 45.2 14 25.45 7.4 89 72.1 97 69.50 53 92 26 55 99 89 75.61 3.5 13.5 96.0 76.1 79.252 45 83 24.004 95.703 19 74.51 27.515 35 6.76 81 46.0 6.3
56.2 60.438 28 60 2.27 64 33 54 91.71 85.73 32.167 8 73 44 82 87 28.078 12 41 51 64 17 76 12.451 85 38.61 39.6 33.78 43.368 4.0 38.9 79.257 54 50.059 29 66 43 37 56.721 89.35 13.0 76 72.913 45 85.9 54.09 1 39.02 19.6 56.41 89 56 13.175 91.426 90.1 16.63 82.440 13 28.792 71.180 12.413 92.6 95.714 87 37 27 16 84.4 15.9 82 79 60.4 96.88 81 79 19.210 12.08 43 54 11 44.694 71 4 92 83 61.5 96.19 69.17 91 58 26 72 18.97 98 88.619 89 45.9 70.361 82.5 51.048
96.890 12 13 67 10 88 20.6 24.6 78 86.91 56.63 24.9 29.78 96 17.83 77.29 67.77 16 24 21 76 12.306 53 24.8 86 60 81.519 77.6 68 39.996 89.897 31.6 37 91.63 35 84.87 57 55 31 44.02 36.6 69 10 30 69.3 2.16 57.3 81 94.5 52.54 21.2 56 44 33.8 56.1 17.2 12.7 23 87 16 80.009 52 50 24.1 12.7 46 16 31.6 17 96 11 91.4 1.29 38 9 78 55.1 28 84.1 94 6.47 24.0 2.3 8.99 11 6.012 42.692 54 64 31.350 65.55 76 50.0 78 28 25.4 20 10 72.4 32.773
72 51 9 82 57.5 6 73 26.83 20.87 24.3 22.917 75.76 79 37.6 61.4 77 38.47 57.89 23 71.081 78.6 98 43.6 59 85.1 62 14.5 74 59 27.77 74 93.10 6 1 29 5.46 17 91.7 89 82.859 49.3 31.9 39.071 8.5 83.525 86 93.9 76.66 63 26.71 42 56.38 96 69.4 88.53 83.799 37 19.7 95.85 6 76 63.56 60.2 62.4 60 4 83 40 62 89.78 67 14 25.671 57 21 81 33.703 95.903 9.041 81 58 32.702 60 26 4 43 80.9 73 50 30.8 60.36 5 63.79 18 19.0 91.223 27 60 30.900 1.669
36 21.929 66 42.545 42.818 95.4 77 64.05 25 92.5 46 32.7 85 12.77 41.7 25 10.77 70 73.6 76.971 11 41 93.30 23 71 76 95 79.95 9 73.650 14 63.322 69 12.3 56 34.162 48 15 53.848 63 23 28 51 83.3 57.56 21.012 37.826 14 71.081 89.0 87 33 38 27 5.42 48 14 16 40 5 2.1 14 95.633 37 72 3 24.91 68 22.51 29.72 42.629 63.8 19 64 84 96.9 69 6.683 10 1.171 95 74 83.936 55.902 23.07 49.9 38 14 90 97 42.947 42.0 2 71.0 43.668 79 39.6 92.49 67 69.06
99 94 56.5 89 84 59.74 52.4 7.0 23 20 31 24.27 7 40.0 83 20 29 63 90 21 1 71.51 2 42 53.5 6.831 82 9.26 39.4 62 8.6 53 52 61 51.6 93 49 59 57.0 44.09 66.0 78 97 96.799 50.9 93 19.945 22 19 42.866 73 77.5 43.036 44.213 37.8 27.219 97.9 99.639 14.4 25.90 18.79 2.61 57.073 11 53.80 32 62.9 28 98 63 33 34 42.70 49.686 69 56.7 92 65.1 21.8 30.54 41 84 40 87 84.9 37 4 16 96.01 63 84 17.5 24 13.3 90.463 12.0 17 99 30.0 14
17 75.312 88.55 88 3 91 2 23.9 68 64.5 6.1 58 64 96.83 92.248 81 85 8.2 95.438 79 64.33 44 66.155 23.43 44.37 10 4 24.173 27 11.694 42.1 59 48.882 65 69 89 71 64.1 36 92 40.0 99 45 100 14.9 76 27.821 74 84 17.9 55 65.5 15.38 87.739 17 40 27.37 34 42 5 47.078 20.13 97.079 42 89.51 70 4.700 81 83 90.9 72 89.043 75 38.39 35 46.1 34.57 52.215 24 97.55 38 98.8 100.0 93 65.256 28 29 41 89 95 38.6 16.2 89.162 80 89.803 72 88.55 8.953 29.6 32
11.4 51.6 62.75 15 27 62 96.06 63 59 95.8 19.711 16.04 2.41 61 87.4 26.3 48.00 99 64 8.0 54 96.4 1 14 73 25.240 80.1 24.330 93 22 30.4 8.859 19 10 50.2 9 13 80 11 4.9 21 65.1 48 26.04 52.829 35 74.248 66 42.20 94.0 26 15.36 98.1 97.11 17 80 91 50 75 90 66 4.0 22.5 5 53 65.648 1.2 66.9 17 30.8 63.172 65.424 86.541 2.155 92 94.64 90.57 87.8 15 55.149 7 58 34.5 99 95.6 65.5 27.43 13.5 20.4 54 77.09 2 43 6.82 85.977 17.73 16.743 34.9 69.8 48.180
74 66 19 77.74 54 81.35 40 60.70 90 48 63 20 9 28 3.068 95.842 28.9 9.28 4.872 69 27 67.877 92 2.3 65 91.03 23 31.00 25 5 95 27 82.1 57.29 14 95.8 32 62 97 7.11 98.966 16.754 84 14 75.27 2.2 51.16 94.44 39.8 57.732 66 3 16.596 39.387 55 41.7 48 51.4 48 51.08 72 83.50 37.3 45.31 9 91.6 33.0 71.9 85 81.653 22.576 5 71.59 56.5 78.6 60.01 10 62.6 86.6 26.69 50.689 68.08 44 76 35 27.27 67.27 25 76 33 14 16 31 52 47.5 56.8 4 70.1 14 21.31
3.362 46 91.78 12 91.3 77.437 86.913 69 58 34 68.3 13 63.06 50 17.555 5.34 47 57.94 69.50 59 93 19 79 19.562 56 32.464 76.436 60 61 15 66 58.6 15 53.169 42.070 83.149 47.7 19 12.4 83.953 70 59 85 72.31 62 11 26 34 13 40.7 4 41 88.716 49.17 63 69 98.25 14.82 89 53.6 82.17 37 30 78 42 36.198 96 19.06 97 33.0 89 16.503 39 27 7.726 75.58 67.07 61 65.17 55.6 34 16 72 60.8 97.2 55.51 81.18 76.056 40.16 99.889 6.5 75 55.44 35.282 35 51.413 26.31 76.3 76 22.3
52 93 15 84 4 84 82 92 33.0 72 74 45.8 67 12 15 59.49 32.4 57.11 79.1 71 37.0 60.4 21 20 4.01 49 76.9 35.44 35 91.20 61 54 5 27.61 11.44 71 39.985 77 40 71 11 38.75 53.639 87 26.584 49 12.0 28.957 45 60.2 87.7 97 77.6 96.241 18.4 23 55.385 97 67.79 15 32.09 37.730 71 51.1 54.8 70.6 26 65 10.9 27.9 35 18 94 83 40.772 23 99 5 57.04 8 74 27.592 84 3 58 6 34.30 12 15.5 48 13.56 61.3 83 54.752 65.7 57.43 95.458 23.24 33 19
94.87 63.0 28 77.20 79.6 46.203 88.45 73 75.270 91.3 86 55 90.52 42 58 58.617 34.111 38 44.1 23.1 67 15 17 25 9 20 12.7 94 84 33 63 45 75 92.9 13 93.7 28 100 69.535 25 63.26 3 94.7 26 76 18 78.8 43.23 19.791 25.445 54.348 31 72 92 63 27.8 85 29 20 15.8 8 17 92.4 18.98 96 7 30.288 65 28 41.750 16.6 28.10 58.45 28.749 32.282 97 94.7 88 73 34.581 90.99 55.4 64 65.6 89.557 5 7 62 63 61.6 32 66.0 21.907 5 97.0 76 72 22.7 70.342 99
33 65.7 17.791 97.39 23 34.7 66 81 16 94 82 83 50.920 92.4 25.34 97.27 24.1 29.3 5 14.5 27 57.6 14 79.13 67.3 92 99 10.667 4.716 82.471 70.646 82.146 65.7 68.5 43 29.1 75 3.9 2 99 40 72 36.01 91 57 97 91 53.7 88 9 45.39 87.626 37 87 14.657 85 63 76 37.470 82.5 24 60.167 54 42 20.20 50.65 27 11.7 64.32 92.478 23.9 48.26 2 39 70 11.92 71 57.4 90 90 93.0 46.0 64 80.3 80 50.359 9.6 4 50.251 39 14.51 1.01 95.356 66 70.131 1 48 19.275 61.772 72.1
15.190 62 36.7 94 56.687 90.931 41 42 80 93.868 24 54 8.2 21.7 33.51 8 9.21 40 91.5 7.6 44.2 93 4.78 57.284 61.75 55.103 24.372 29.8 84.2 65 46 92 72.925 8 94 36 76.6 53 33.00 40.285 27 22.681 21.22 55.03 89.68 9.71 21 74.2 78.03 29.6 51.1 87.3 3 28.248 46 25.15 1.01 73.0 93.838 55.804 38 85.9 2.566 73 35 21 94.30 71 30.09 39 30.1 68 94 53.4 99.3 99.32 21.3 43 4 24.72 20.5 3.14 88 1 77 67.91 15.9 44.39 51.1 77 1 62.5 25.40 67 37.901 11.0 74.91 63 48 9
74.4 27.356 67.342 17.73 60.40 75.823 59.9 77 21.496 62.97 48 4 93.185 48 9 87 50.079 16.36 97.491 39 61.16 33.789 28 92 75 70 19.945 8.6 35.257 36 85.1 89 87 24.32 27 88 23 58.5 70 14 33.0 68.132 52.606 94.3 95 45 65.0 92 27.904 95 19.095 25 60 51 40.69 29.29 34.1 73 42.8 97.30 44.6 61.75 68 91 61.64 47.7 18 27 96.945 96 55 75 91.7 98.18 22 6.57 7 66 38 57 53 71 66 33 70.8 90 75 78.755 81 57 11.589 20 80 79 87.69 42.0 21 48.594 64 23
36.61 86 18.623 7 28 36.95 2 8 32 85 41.16 62.5 65 81.261 17.317 25.410 27.49 13.724 77 37.59 7 93 18.422 81 52.4 93.539 57 57 16 19.58 60.6 1.2 61.258 18 85 48.90 24 92.780 40 74 49 22 11 91 81 87 79 27.820 20.94 29 62 41.8 56 99.228 27 48 81.253 8.163 24 67.982 62.2 20.143 78 65.33 7 9 64 46 16.44 81.4 89.78 25.0 58.2 14 85.63 41 26.723 28 15.1 10 62 35.240 91.9 42 16 65 98.750 56 69 65.25 16 59.98 75 64 97 30.076 67 8 63 56
67.06 32 32.4 14 25 44.156 98.3 46.7 81.150 84 30 13.42 28.351 89 46.9 57.88 39 76 81 57 86.30 61.7 95.8 92.8 72.6 54.4 41.9 23 87.3 71.1 57.31 11.9 17.7 80.5 33 41 25.33 14.8 96 12.1 16.3 14 32 5.0 75.21 38 50 53.0 30 38 33 76.959 89.71 7 92.912 38 98 7.22 54 45 80 67 99.66 29 52 55.711 69.96 38.627 64 44.25 93 30.345 54.188 44.856 24 17.8 49 21 37.0 81 2 75.0 92 96.056 6 99.821 79.9 62 86 98.295 42 64 73.616 1 74 99 36 73.3 53.00 6.461
83.3 17 36 84 92.0 87.1 89 93.5 21 60.7 32.91 9.4 80.0 89 22.8 78 38.572 6 13.48 55.2 95.4 55 61.1 21.415 68 76.673 16.25 61 94 70.9 48 28 49 33 94.869 51.93 100 73.5 17.613 17 29 90 33.25 8 82 98 17.815 31.889 29.9 60.775 98.835 51.4 39.431 72.27 63.062 17 20.84 84 65.27 18 91.08 96 15 13.7 61.661 75 33.840 45 78.392 51 32.26 43.58 33.6 9 42.70 65 30.302 31.3 88 100 35 11 77 85.5 85 70 77 81.03 54 81.887 40 30 45 61 60 27 92.5 75.0 44 4.91
24 25 66.35 87 72.916 72.152 13.2 42.1 83.87 65.624 63 100 97 41 85 86.905 48.8 98 61.312 65 92 6 32 1.43 3 97 62.870 85.037 55.31 64 61.6 73 96.240 91.5 81.0 29 41.642 48.239 18.0 9 53.354 14.5 100 61 31 48.6 68.454 76 22.99 12 71 13.7 79 85.5 46.387 82 31 67 20.2 96.9 43.40 33 60 34 34 67 2.53 17 38 22 24.810 23.82 27 78 64 24 50 78 26.6 91 78 28.7 61 73 56 63 49.5 23 75.7 32.677 84 6 58 18 57 88.1 15 45.69 32 54.204
38.231 41.710 23.5 55 49.7 16 16 84.116 53.0 51 92.0 67 95 50 20 26 49.725 83.151 62.92 20.4 97.900 70 78 22.520 66.3 32.2 18 71 60 80.40 2.8 78.591 45.87 81 81.2 78 65.04 78.476 15 81.27 54 51.07 79.87 75 36.073 21.53 17 34.23 99.4 19 11.7 70.3 75 31 94.5 57.434 77 62.1 28.8 59 11.40 40 44 40 53.2 26 55.3 35 56 72.21 75.94 53.959 14.5 66 4.300 30 42.17 84.2 7.0 36 40.626 9.954 66.6 41 75.1 62.78 71 48.430 6.15 91.537 11.540 32 55 92 13 39 98 78.78 55 15.279
28.50 27 32.86 70.5 90 61.28 78.4 91 8 79.034 75 54 83.058 49 94.212 5 100 19.410 29.2 31.724 8.25 94.1 64.880 88.720 24.750 69 32 17.031 58.2 15 72.2 64.060 8 79 79 80 11 19 26 61.1 24 36.851 19.506 34.791 78 50.998 53.854 42.1 36.114 90 47 16 87.66 33 36.8 3.0 72.079 2.986 38 26 57.245 81 85.7 99 60 72 24 80 30.003 42 42 47 21.712 29 99 5 48.3 96 64.05 89 93.151 68 67 35 55.7 26 86.7 18.32 86.9 31 84 59.2 63.5 41 88 28.77 99 96.974 13.76 16
79.94 48 19 87.49 11 16 64.01 49 66.809 28.55 81.070 13 32 49.32 87.9 55.946 11 8.944 27 37 59.9 77.486 49.475 17 30 22.914 62.6 57.1 44.916 15 65 87 5.16 81.874 80.402 92 86.109 17.04 82 45 44 77.81 90.555 85 4 57 74.04 97.6 99.1 93.7 60.80 9 18.7 7.837 54.681 5.5 36 11.4 96.06 88.597 71 88.3 64.2 42 10 28 11 46.51 20 7.99 99 19.2 67.594 87 61 62.45 80.41 81.699 36.12 14 47 14.642 55 40 62 2 63 29.283 20.2 7 29.12 24.8 32.2 83 32.87 61.96 40 64.45 2 61
36.047 85.73 98.657 76.1 37.8 25.39 12 98.4 15.114 74 70.02 79.9 21.4 82 69 60.913 87 66.30 19 94.398 91.47 51.07 5 85.902 62 44 92 6 60 61.8 12.769 93.58 55.421 47 30.99 74.08 82.94 75.344 66 21 31.227 56 56 42.646 77 11 51.92 28 72.13 87 97.171 34 65 51 72.305 51.2 7 74 99 39.22 85.49 26 91 13 66 46.624 20.77 80.37 10 81 28 47 95 98.922 43.774 38.79 2 46.08 77 22.68 95 42 9 77.45 9 37.285 66.931 53.348 18 21 98 98 82.10 25 28 81.31 27.5 69 8 62.4
56.77 1 36 96.619 26 20 96 8 85 61 7.8 69.2 37 82 14 61.7 45.2 14 11 15 38 34 35.7 38.6 60.25 92 95 55.44 63.9 49 75 35.26 16.02 67.5 98 39 92 55.69 66.7 56 33.356 60.8 38.2 45 19.11 43 93 44 52.7 90 38 4 82.0 5 60.383 36 82.221 87.8 87.73 3 61.0 46.371 51 10.1 79 87.37 72.979 3.66 62.4 55.74 2 3.54 36.62 43.98 54 1.55 1 27 15 67.49 17.3 92.01 4.09 40 36 93.87 10.9 30 73.51 62.332 30 5 24 2 21 16.88 58 55 96.75 17
88 57 55 4.6 41 14.555 19.0 29 40.454 79 25.491 40.37 39.3 14.9 5.157 28.5 82 88.65 15.892 23 77 19 51.745 22 50.882 94 16.3 42.500 88 54 27.30 69.1 11.74 28 94 41.235 3 86 70 74.357 82 90.1 91 32 91.7 83 66.873 66.1 6.50 49.162 38 6.4 46.5 41 11 85 45.5 52 40 87.12 64 87.611 73.9 44.230 46.3 93 59.6 22.6 27 42.1 18.7 1.077 70.000 6.4 67.893 66.4 81.961 41.75 16 31.8 45 90.1 40.82 4 2 11.0 12 51 31.65 71.5 90 89.69 28.5 24.2 56 78 32.927 65 87 76.717
70 53 55 20 91.60 70.2 50.819 22.730 42 21.797 10.3 89 28 15.061 76 96.77 94 1.1 72.4 76 81.36 25 5 68 6.31 17.666 65.82 40 36.39 37.3 14 8 34.626 42 48.2 49 31.7 63 71 80.7 84.146 73 73 97 84.391 85.7 93.226 76 28 41.766 47 64.89 48 36 29 38.639 1 94.85 36.787 56.60 5.73 12.52 48 39 43.824 12.1 80.786 83.60 92 85.805 62.905 94.9 45 3 83 90 15.834 97 91 6.8 37.0 63 72 8.493 51.596 11 16.5 90 67.578 88 30 38.720 7 61 49 99.6 41.20 55.19 99 92
3.5 51.5 19.7 59.2 33.5 1.711 69.56 68 4 44 90 73 42 82.70 32.8 32 69.822 12 80 52 46 100 43 86.34 74.449 46.899 12 6.29 32 82 34 81.130 82.850 50.9 79 13.41 7.2 99.512 86.853 2.441 5 61 87 90 71.69 52.01 25 97.5 47 89.17 22 99 3 20.911 70 49.014 58 78.781 78 98 76.063 52.883 69 82.521 66 47.244 82 85.685 48.476 79.158 71 50.9 26 93.41 77 49.38 49 95 75.217 85 97.02 84 87.103 52 60 97.735 9 83 77.491 84.0 71.7 53 99 3 97.846 49.3 77 95.0 87.710 29.544
1.498 93.03 31 10.278 92.5 47.452 14 90.05 100 25.45 76.774 72 65 19.9 62.943 5.18 22 84 52 19.4 61.794 19.4 57 1 19 28.011 8.330 13.979 89 36 80.5 35.3 45.7 55.3 52 33 29.094 81.6 24 30 42.518 92 17 91 72 85.5 19 56.2 19 98 97.872 15.91 89.04 97.99 55.620 84.2 68.79 59 30.286 6 23.6 2 67 60 60.739 72.424 87 45 68 58.2 24.76 81 69 88.9 29.1 59 76 85.10 40 18.3 2.57 29 94.52 75 34.213 72.59 98.3 24.638 93.833 10.37 12 23.407 90.2 33.052 75 56 20 97.88 50 17
18.9 13.59 39.489 21 70 71.816 54.7 89.31 39 47 7.31 35.9 24 23 41.9 42.38 31 65 38.1 33 53 68.1 88 17 88 13.51 68.994 30 67 26 20 17.565 98 9 2 4.029 33 72 56.125 92.5 95 51 10 99.494 33.2 72.827 58 26 61.003 55.25 89 47.3 100 94.3 41 1 18 71.7 62.417 85 85.219 24.8 73.124 28.4 83.82 95.497 41 73.022 84.453 60.518 52 68.785 56 55.38 62.8 32 12 3 83 99.26 7.293 23 78 24.168 29 41.78 8.205 7 20.0 7 27 73.8 24 72 37 41.559 56.18 50.224 23 5
21.40 87 12.62 33.945 92 70.483 100 87 19 18 39 7 7 20.0 41 71.353 18.1 12.2 73 43 98 23.52 12 22.6 62 27 22 76 63 58.54 35 16.474 66.8 74 27 89 23 21.0 52.0 66.5 51 54 66 52.57 85 33.9 25.34 46 76 70 29.7 18 2 91 41 11 55.6 73 53 94.0 20 84.96 62.445 51.0 17.0 38.682 87.543 3.87 8.520 92 11.46 37.86 13 91.60 48.8 35.02 31.4 56.035 69 32.33 19.94 90 92.5 24 42 85.9 4 46.953 34 58.0 48 89.1 56.56 73 22 85.33 42.2 14 5 50
38.64 2 67.9 26.85 97 22.184 77.8 51.48 14 11.774 34.6 32.392 86 62 61 21.7 81.25 23.8 20.99 6 44.333 14 36 22.00 14.160 31.585 11.713 78.9 10.1 35.333 5.70 58 29.8 60 17 92.710 50.1 54 26.7 86 85.9 44 5.7 24.634 67 17.521 62 14.92 13 54 18 73 70.981 34.4 38.89 58.6 99.860 92 3 47.9 92.5 2 34.678 39.620 55.633 12 86.10 88 62.395 12 14.6 86.604 70.1 1 11.193 15 40 65 61.0 96.72 3.816 81 37.5 94 63.6 66 76.70 77 53 63.23 6.11 37 95 3.154 96.714 20 49 92.298 88 24
13.35 34.14 71 67 33 6.2 93 82 51 2.81 74.900 76.495 76.908 47 69 31 66.919 62 75 48 22 73 97 32 34 18.686 76.638 48 96.9 73.3 67.497 65.861 22 62.3 77 55.307 51.30 93 99 85.6 100 17.6 90.163 39.31 63.59 86 32 80 46 53.66 24 58.55 52.3 76.286 62 63.92 97 8.2 44.623 13 85 81.234 80.26 57.43 17 61 12.00 65.80 64.0 57 4.883 55 42 33.1 63.0 16.9 92.0 56.5 72.74 12.26 51.789 29.0 86.32 14 44.1 44 97.4 58 27.29 37 15.51 74.99 49 15.551 9 25 55.257 61 36 22
96 39.270 54.715 1.053 39 88 96 58 93 66.3 69.92 83 8.953 89.7 28.032 60 63 11.1 42.862 12.126 46.4 83.126 100 84 45 74 70 50.44 59 51 80 29.038 87.733 30 77.908 64.21 32 95.60 68 32.02 63.840 63 9.2 94 91 72 37.885 56.4 47.592 98.534 66.14 81 60.47 99.60 8.815 34 17.6 55.56 43.13 7 27.720 67.33 65.574 95 11 78.354 73 3.9 81.851 79.5 20.4 62 73 3 86 28 44 41 49.4 32.127 39.9 22.9 25 88 1.75 23.4 40 84.7 74.59 19 74 51 46.5 79.95 49 50 100 98.70 74 19.64
52.93 33 60 92 23 43 67 69.61 60 38 7.6 7 38 34 3 28 79.4 66.7 21 15.6 43.6 58.966 24.486 23.97 28.98 45 94.775 12.676 9 63.579 76.71 24 90 94 55.35 27.489 38.7 82 57.291 97 42 69.5 40 17 88.314 78.2 75.116 20 23 56.2 44.39 2.8 21 32.15 88 48.7 83.19 73.35 70 17.434 77 78.9 87 91 28 80.9 58 41 54 70.0 65 52 77.67 52 96.716 69 69 74.01 21 27.883 9.51 55.45 75.409 21.80 5 2.520 35 38.2 94 39 18 9 23.60 7 68 72.584 44.374 93 5 100
22 52.5 9 31 7 23 98 86 41 40.216 91.108 98.3 53.591 37 65.139 87 70 27.727 30 83.4 75 59 3.057 18.2 94.0 26.710 66.6 17.2 34.900 86 92.058 41.77 81.00 67 11.6 78.41 19.981 21 1.08 2.28 46.5 98.21 16 99 68 76.93 21.522 100 84.29 65.028 23.899 76.070 99.2 7 4.229 50.9 39 60 61.085 13 35.622 51 90.048 58.08 52.913 27 85.5 76.271 82 100 47 25 92 54.375 49 83 42.582 65 93.912 48.866 70.1 42.158 44 40.971 1.54 66.5 44 98 46 8 86.5 33.55 64.50 92 18 49 1 62.8 89.83 14.37
50 3 70.5 75 97.28 56 70.3 82.525 89 58.7 11 47 17.781 84.055 41.6 94.5 29 20.720 40.6 92 68 86.872 88 44 32 88.2 94.47 100 47 31.5 5.0 36.17 30 88 20.0 26 32 12 44 71 35 49.5 11 37.5 36 51.726 72.002 49.86 4 15.34 97 58.9 37.1 94 67.931 55 25.9 1.5 32.05 62 95.9 26.4 85.17 28.14 87.4 48.38 42 49.717 47 58.8 81.345 68.9 19.17 27 83.1 66 80 38 10 6 73 62 76.1 84.6 80.3 45 8 10.20 83.07 79 68 93 10.23 99.50 27.3 42.6 34 50.55 57.216 51
96 79 16 22 82 72 90 96.55 15.871 71 42 77 99.0 17 59.714 74.43 23 16 73 30.052 80 48.704 87 18 98.836 14.344 66 2 36.16 32 34 98 72.16 79.6 26 10 34.89 44.57 51 63 82 31 81.36 46 38.96 87.1 90.08 53 9.6 53 93 13.48 42 4 76.0 1.7 55 39 6.9 66 75 33 41 84 77 26.4 5.86 6.5 27 64 66 39 90 47 5 97.6 90.405 42 50 39 44 38.1 22 38 63 69 38 15 88 58 46 59 100 30 20 19 92 52.383 96.879 51.8
6 39.789 33.469 97.619 25.38 41 82 65 31 96 21.8 57.7 94 95 17 94 96 37.949 67 85 25.405 100 40 84.128 75 58.77 86.3 42 72 8.6 71.113 42 43.74 67.122 54 24.470 48.787 87 15 44.389 15 20.620 37 26 30 55.223 88.222 82.15 45.098 51 76 97 79 42 6 66.348 42 12 9.09 16 17.02 89 30 76.46 40.99 35.1 11.315 53.0 84 70.975 70.9 89 14 31 75 68 97.1 25.6 97.14 3 14 94.8 65.33 19.545 38 19 26 88.820 86.180 53.80 53 69.45 9 56 55.60 88.688 60 82 17 88.053
47 85 40.33 88 13 64 99 71 9.261 8 26 99.3 6 1.6 26.697 51.07 41.256 74 37.01 97 26.7 92 6 90.8 99 69.980 17 93 8 42 85.42 49.795 82.32 91 23 94 17 21.200 13.3 64 57 2.4 70 29 63 76.54 81.945 5 86 15 68 92 16.718 18.735 24 70.30 69.015 90.992 37.261 62 57 96 84.618 66 53.44 96 91 24 84 84 16 70.11 57 70.282 57 6 98 8.57 9.28 29.86 46 3 97.778 37.9 1 21 94.98 79 100.00 32.519 8.89 21.9 17 29 96.320 45 100 13 61 79
13 90.400 80 72.604 17.63 34.1 7.675 61.138 44.1 62.6 93 33.388 26.51 21.66 31 5.522 42.2 82.37 35 23 100 41.9 35 7 85 50.878 64 71 11 44 28 62 45 8.375 11.574 34.2 45.76 43.13 65.33 24.53 42 91.703 44.524 38.258 16.00 70 66 54.0 31.96 60 79 35 45.6 90.525 90.7 66.3 87 16.5 47 69.4 22.756 72.02 43 49.9 17 60.245 9.17 24.4 70.78 54 63 92.531 83.433 95.7 5 70 13.268 81 9.844 2.3 92.7 30.189 53 42.6 56.185 100 88.05 31 41 35 23 53 22.48 18.0 73 80 66 59.666 77.9 49.0
89.607 82.77 63 6 89 21 83.1 64 52 62.53 25.1 25.63 13.269 91.01 63.49 69 96.777 14 34 96.08 54 86 36.19 64.789 75 94 65 44 19 50 70 42.31 88.8 90 93.251 99.2 33.98 52 79.60 34.0 21.46 48.5 59.9 22.5 20.89 72 66 31.116 64.55 58 67.9 35 48 95.60 22.42 50 66 72.951 81 78.104 40 70.756 15 79.96 4.3 33 13.2 70 4.29 80 38.94 38 85 57.21 86.804 4 1 72.1 5 83.9 64 14 11 66.51 26.3 28 60.378 73.289 73.529 36.18 31 98 96.1 13 83 71.790 9.135 61 76 56
90.4 96 80.4 75.8 35.76 35.0 22.629 22 37 96 43 93.49 60.1 52.4 59.4 68.22 64 37.7 92.6 16.8 54 31.7 79 47 1 88 61 42.3 90.890 93 55 13.7 59.57 49 4 41 67.504 32.569 26.54 27.6 22.3 15.36 24.248 15 19.751 6 41.949 94.57 53 39 88 2 72 60 8 31 70.3 41 78 38.7 50.2 78 40 18.16 71.82 73 68 71.4 81.21 14.6 83.5 56 44.465 1.04 22 55 55 75.115 72.85 77 76 59 39 83.299 17.03 89.73 55.00 33.409 68.70 20 77.938 62.79 7 67 31.165 20 55.3 37.796 7.11 34.21
22 6.634 70 90.65 47.61 9.792 18 83.0 84 52.5 8 87.882 9 91.184 87 20 47 85.8 88.163 51.9 34 67.420 16 29.264 87 30.3 89 11.73 1 34 39.620 2.200 40.887 47.2 34.516 83.2 21.0 49 88.118 97.510 47 18 75 45 38 31.603 65 39.125 28.975 41 82 67 38.370 81.859 32.0 23 30.18 37 72 40 59.106 64 61.84 1.007 55.99 40.13 32 76.15 43.19 94 45 14 19.327 84.45 45 97.69 56.7 28.113 28 87 62.2 55.0 21 90 46.6 93.9 79.82 2 34 14.868 45 77.81 47 22.5 61.5 99 24.626 53.6 60 66
49 80.0 1 38 43 56 97 86.133 11 50 15.960 79 44 42.132 49.60 60 56 49 11.229 97.82 70.4 15.1 61 81 21.387 39.9 22.4 88.970 98.7 14 83 5.3 98.84 9.8 63 92.0 57 87.2 56 67 76.08 41 35.538 46 93 70.072 92 46.16 75 17.582 62.0 4.0 2 87.03 99.2 17 16 6 96.34 11.5 35.297 63.058 99.239 89.91 55 100 34 18 72 100 36 93 84 21 21.3 10.64 15.67 6 28 65 73.4 60.62 39 86.20 2 12 35.659 24 62 3.20 51.012 16 70.771 60 32 49.0 98.2 65.6 50.195 88.323
31.1 51 19.9 59 4.477 41.7 97.155 85.099 63.644 78.18 59 74.5 57.30 36 63 41 13 59 25.879 39 43 12.1 7.75 11 56 56 67 53.16 79.652 91 34.592 23 41.0 66 27 92 42.5 61.529 27.41 43 33.0 67.26 25 7.512 92 3.84 84 3.97 27.6 14.204 64 51 73.271 62.77 16.6 12.41 38 1.804 42.5 46.0 86 77 64.137 16 36 78.3 19 85 49 26 43.644 67 54 18.346 93.445 38 19 93.92 50 81 97.448 64.57 85.394 20 37.0 15 44.29 98 95.8 45 92.317 87.831 93.4 11.748 14.472 90.5 1 5.603 4.7 18
5 99.04 55.138 35 67.976 99.032 34.64 17 41 91 31.97 6 92.5 30 44.132 88.01 13.716 2 68 86.2 59.12 32.046 13 43.510 58.2 81 48 59 89.1 37 20.13 54.69 90 15 97.76 7.99 25 57.142 63 26 14 28.27 47 34 80 12 46 3 49.187 45 51.57 18.1 97.750 53.396 95 56 2 23 91 58 98.076 78.3 43 56 20 74 52 80.06 36.650 44 26 46 44 84.31 23.308 62 97.9 59 52.7 90.30 87.2 73.5 64 68 87.9 58 90 81 31.5 54 34.387 2 30.75 88 83.2 54.61 2 11.905 39.69 82.1
28.8 42 5.1 4 35.465 34 33 23 74.89 97 95.752 32.282 52 85 99 10 11 36.0 35.64 84 67.6 63 11 50.52 46 66 44.10 26 9.65 38.709 66 68 51.571 85.260 56.08 49.131 42.77 54.707 86 76.75 52.90 86.3 45 85 97.18 8 74.0 64.216 61.550 70.18 81.846 23.477 31 57 13.5 12.8 25.0 61.123 54.884 54.19 72.27 48.31 36 94 92.2 19.2 46 41 78 83 15 79 76.338 6 16 80 52 16.871 41.12 98 43 9.030 29 59 70 24 8.0 40 80 3.966 75 69 40.559 60.4 58.965 15 42.208 64 98 56
80.66 19.55 85 17 30 91 72.5 73 48 19 92 28 52 54 25.06 17 73 37 95 93.1 55.702 90.7 13 18.344 77.0 85 22 91 36 1.97 31 45.051 75.91 62 45.7 27.496 20.61 23.799 24.150 21.019 34.00 99 7 16.7 33 93.21 83.5 50 97.97 96.982 53 11 40.63 77.548 77 35.299 12.22 85 77 41 58 68.356 75.85 1.59 3 36 59 42 82 64 100 86.2 20.41 89 22.36 55.32 50.74 77.1 27 20 53 100 61 5.4 7.1 17 85 78 35.039 97.33 61 51.1 49.3 94 76.38 55 60 20.800 91 14.27
36.18 71 58.870 7 85.6 44 39 49.74 58 55 9.7 31 10 100 41.84 43.55 51.340 70.145 34.959 54.485 80 96 87.768 75 26.8 49.911 32 90.878 4 85 98.51 44.20 80 71.3 26 21 32.9 98 26 97 21.922 18.048 84 66.675 73.3 3.1 57 12 16.452 3.789 62.1 93.864 36.719 40.40 7.93 47 11 95.34 96.4 2.20 65 16 18 50 15.27 53 18.00 65.546 48.214 68.486 48 25 44 8.349 68.22 89.92 44 46 54.419 50 12.01 86.90 28 24 93.3 88.8 92 4 80.64 95 41 15.348 79.220 60.044 62.01 74.43 65.4 4.59 40.355 56.5
52.9 53.2 5 35.830 20 18.23 33.68 34 71 32.5 95.28 16 11 55.547 58 82 76 61.45 82.010 80 48 91.61 59.300 78.4 34.69 89.3 77 65 80.46 38 4 13 53 2.178 91.4 70.55 73.66 37.7 95.8 87 59.39 90.59 49 36.7 63 34.2 94 16.905 50.3 40 6.57 74 17.94 87 19.599 83.9 46 25.18 31 74 39.91 68.6 17.802 90 70 72.89 97.39 94 41 27 79.07 4.531 13 73.997 52.82 4.2 84 16 98.647 93 14 84.704 94 49 24.9 97 8 45 64.099 85.169 59 93 33.2 85.910 28 3 86 59.567 92 9
4 33 42 16 2 74 73 53 76.8 89.5 89 36.94 68 24 87 11.43 24.30 14.60 98 28.4 70.3 63 2.092 4.0 16 69 99.5 67 4.44 66 26 96.64 2 9.2 69 26.870 72 13 79 92.288 72.127 5.10 20 34.1 1 27.74 4 37 8 55.4 12 12.093 30 88 76 65 16.8 36.19 55 52 86.5 76.84 59 28 12.7 16 56 58.1 19.1 52 9.0 52 18 97 7.373 12 72 35 8 14.2 55 11.5 48.0 75.10 2.16 18 55 25.20 99 82 82 90 41 5.332 81 54 44 51 85 32
9 68 94.687 73.6 93.7 72.999 95 43 24 41.621 85 30.843 7.1 1.0 49.57 5 73 37.2 89 16.90 66.6 75.21 98.4 13 9.155 63.182 35.09 2.97 6.90 59.3 6.26 9.99 21.102 37 7.9 16.1 75.94 31.486 81 89.707 5.9 99 83 66 14 16 6.26 66.5 15.707 57 45.5 46.6 53.123 99.821 38.965 80 72.2 23 27 11.975 21.6 24 86.1 81 94 78 12 77 49.39 85 14.5 97.899 95.81 66.046 82 93 8.38 52 46 98 48.7 63.47 64 9.315 64 3 44.5 33.40 17 27 15 57.35 62 86.734 13 62 82.48 82 9.45 22
59 33 82.028 83 51 21 62 74.0 20.8 35 4.85 86 20 8.02 94 23.990 16.78 98 38.76 56.5 88.58 65.63 64.27 74 95.38 1 35 29.729 25.64 81.474 99.454 68 15 21 43 68.50 62.89 64.0 43 50 63 17 13 66.82 73.422 22 52.088 90 6.188 41 73 94 52.556 84 86 8.0 51.43 45.62 98 24 73 31 80 9.9 63 27 67.224 5.10 25 57.468 21 57 86.642 57 31.800 1 93 55 62.1 47 83.633 17 93 76 32 22 38.37 21 25 58 77 66 91 87 31 12.6 68.0 32.903 70.65 91.561
66 61.1 68.0 41.2 96.040 69.1 57 79 24.416 36 98.1 43 99 15.281 54 49.3 70.796 3 16.80 89.5 15.12 42 76.0 11 83.652 34.5 72.7 48 64.1 27 62.1 22.82 69.02 66 84.06 56.3 82 99.52 36.8 27.55 61 77 89 19.066 35.929 51 92 21.3 49 71 69 90 14 13 29.9 53 65.63 43.14 66 95 48 61 60 19 39 26.94 91 7 39.4 27 18.43 12.84 97.2 58.749 19 41.3 22.408 71.876 7.9 25 88 44 92.092 9.444 27.5 75 24.25 20.1 58 64 66.828 42 60.29 99 23 95.551 24 12.88 74 16.3
92 70.0 96 61.013 19 27.67 19.51 30 34.90 25 14.424 60.53 35.290 29.868 34.9 5.525 1.44 85.56 70 27.296 45 37.394 46.61 58.1 48.7 12 44 69 60 90.6 5.0 62.01 56 52.31 47 61 19 61.01 88.210 37.587 88.43 11.43 28 92 13 93 57 88.7 76 21 26 96 33 100 78.66 16.120 62 4 34.32 64.793 88 63.61 44.90 65 22.700 6 68.3 4 94.30 49.546 39.3 98 74.4 43 62.8 82.315 97.63 78.66 68.654 69.966 9.522 43.3 29 4.11 66 76.218 87.033 31.560 94.901 34.592 9.04 5.42 47.703 15.90 37 64.45 30 67 91 26
77 34 56 51 60 85.1 91 12.639 32 58 94.5 51.820 36.882 79.82 99.7 77 52 15.86 32 66 80.19 73 42.366 48 4.01 26.732 60 89.98 35.162 64 57 57.5 83 50.04 74.7 95.2 71 20 63.1 51 90 48 100 31 54 2 63 67.8 79.210 38 95.1 80.32 30 32.064 93.4 19.698 100 80 49.48 61.4 38 73 62.67 30.16 39 39.96 58.20 22 65.709 14 11 13 93 64.63 13.072 31.696 63 41 50.53 29.503 57.33 32 76 56.694 14 56.30 88.223 70 2 73 11 51 30.6 83.18 20 16.2 91 71.80 88.07 19.689
25 22.70 68 47 82 52 32 66.9 74.58 4.7 50 74.4 24 36.911 86.715 5.7 19.5 70.5 56.536 26.49 91 93.63 11.206 37.87 28 75.39 21.82 97 38.50 5.472 12 27.91 83.53 30.059 96.48 13 18 87.1 94 70.725 89 98 92.76 57.4 81.9 81.883 78 9.5 60.1 61.03 100.0 64 48 20 75.22 63 93.6 3 13 36 99.990 48.72 67 32 94 3 10.6 58 1 66.82 72 20 89.82 8 51.482 1.5 22 82.85 42.4 32.191 50 3 38 79 38 24.50 45.4 87.2 36.7 32 49 11 37.61 32.24 24.469 58 81 30 28 20.44
10.2 38 33.662 55 49.4 83.374 76 84.3 37.03 40.82 25 45 12 87.87 92 22.8 85.3 26 28.0 26 74.203 46.06 54.564 11.72 61 93 5.8 98.40 70 20 34.586 82 53.18 49 1 77 7 18.79 75 78.9 77 50.96 13 1 22 26 6.830 15.509 43.0 78.092 51.46 3 81 81 51 88 21.43 80 28 83 87 10 27.4 62 94.54 64.20 80 72 4 54 57.7 59 39 87.816 72.20 58 97 35 99.9 83 32 97.779 55.0 92 83 11 14 90 55 15 93 10.2 93.980 71.11 49.850 25 73 74 12.011 29
96.51 21 79 99.014 88 65 81 2 42.201 56 64 76.149 23.5 63.3 74.2 71.919 34 65.463 99 26 71 8 23 39.459 27 40 26 28 87 50.42 81.396 15.219 2.91 26.394 71.232 48 88.22 58 85.75 28.134 9 32 88 46 8.062 83 68.98 73.165 73 71.923 88 78 21.858 78 20 75 16.09 43.982 36.20 94 2 1.16 9.550 75.8 3 14.81 80.4 75.9 14 9 70 88.96 69 63 37.5 94.53 47.043 78.419 89.35 46 49 87 90.1 70.645 63 99 80.501 52.57 81 76.1 47.30 25 11.87 27 42.5 76 56.03 5 23 16.0
82 45 92 2 96.0 10 25 46.2 30.67 4.765 63.02 92 6.74 19 69.8 14.48 92 26 95.545 72 11.29 88.5 10 98.291 24.362 86 60 89.949 95.61 82.352 96.54 68.34 69 18 3 45.073 3.8 20 64.9 52 8.4 16 29 29.2 86.104 2.3 38 47.2 35.0 21.99 93.6 32.974 93 6.453 64.018 45 36.0 32 59.282 84 25 85.754 41 9 68 1 80 5 15 97 19 92.91 19.648 60 17 91.93 70.974 16 82.922 62 80 48 38.007 96 97 68.0 100 87.213 25 73.880 82.314 42.2 69.88 76 23 88.4 85 17.88 76 54.11
11 12 65.57 91.42 50.0 34.241 87.099 50 8.59 12 71.04 24 89.11 28.2 87 69 83 17.0 14.429 60 24 20.890 14.644 31.54 9 28.514 32 56 88 39.7 13 98 93 14 10.71 70.7 35 80 42 85.2 21.772 25 61 3 41 15.243 11.06 59 32 83.62 58 66.132 47.140 84 86.979 93 24.85 70 91 69 87.6 15 67.94 84.33 43 64 85 6.079 92 86 14 23.00 97.6 35.65 71 65.18 88 35 39 5.8 75.597 47.435 60.54 66 72.13 95 3 89.557 50 64.9 65.2 31 85 82.806 34.08 53.7 77 99.66 9 22.9
51 95.745 81.6 48.4 64 53.5 14.44 96.4 46.282 58 28 17 13 96.51 52.90 44 10.782 50 19.8 62.310 13 58 76.07 53.26 4 83.104 93 46 20 23.85 75.354 79 36.743 92 46.556 75 33.14 44.712 23.6 66 58.954 94.87 96.8 39.579 27.06 43.76 44.46 32 92.6 21 21.5 32 14.9 76 48 4 74 63 33 12 50 93 26.2 52.1 14 1 52.149 6.740 54 29 7.8 31 13.280 32 67.0 64.87 58.14 37 40.0 24.99 66 39.03 80 39 98 57.81 98 37 51 92 16.731 3.28 92.549 62 33.9 82 69 29.41 97 77.4
1.033 32 4 10.76 35 11 91.9 69 59.489 81.92 79.333 96 85 73 76 29 81 86 36 27.727 39.2 93 1.335 45 57 24.871 11.04 60 83.6 53.140 48 33 27.1 16.2 5.0 61 66 22.44 65.5 57 21 63 100 15 40.68 71 98 34 52.720 45.4 62.4 36.9 62 30.061 38.17 53.6 14.8 20.233 81 92 54 20 19.222 55.27 52.35 91.270 35.273 44 20 95 44 40.587 32.099 43.4 39 21 80.8 13.5 15 23.9 15.1 31 33 7 67.152 99 67.63 98 18 65.24 100 2.79 69.7 78 70.8 9.72 13 27.613 57.528 7
46.673 23.921 23 34 65 86 1.524 28 71.25 62 95 65.6 74.7 26.0 22.9 71.17 80.2 76.6 83 16.4 60 30.904 67 92 76 11.00 44.276 28 72.387 5.075 53 78.4 74.9 53.30 9.41 82 99 36 12.885 65 84 94 11 20.1 69 14.749 39 1 97 66.981 61 64.2 48 65.5 3.89 97.6 42 23.590 49.74 28.413 97 70 53 24 23.3 39 90.0 59.48 9.533 92.4 46 15.31 35.118 87.162 81 38 37 13 59 32 11 4.5 74.0 68.358 28 77.8 14 2.73 59 14 80 40 90 43 85.0 41 59 39 28 9
15.96 96 53 17 13.58 1 22.5 42 90.1 25.4 17 80.1 29 74 49.5 68 28.0 57 40 5.37 52.328 91.157 99 56 94 74.42 19 27 50 46.298 64.16 21.95 16 51.9 83.145 22.8 10.16 66 3.98 60.25 36 74.738 19 61.13 78 29 37 8 38 15.67 17 51.4 18 97.919 55.85 82.6 57 89 94 83 41.511 32.654 66 84 67 67 2.29 28.6 31 77 61.78 41.9 67.1 42 80.41 25 26 21 16.9 23.737 8 54.4 80 54.42 48.03 91.961 54 32 37 97 77.152 44.27 95 39.0 50 76 12.70 19.60 47 87.6
7 65.83 54.2 75 69 55.4 51 3 48.7 69.591 83 20.4 96.09 63 45.2 66.7 21 63 78 18 79.556 12 48.799 53 62.62 9 89 69.2 25.0 94.64 53.14 48 25.3 86 52 62 48 14 49.597 87 21.87 11.2 18.5 39.21 97.593 49.3 45 31.40 95.92 13 41 88 83 36 22 3 42.81 39 90.19 32 55 91.05 16 87 82.8 57 48.2 25 96.52 30.98 87 64.431 87.3 42 2 57.0 71.90 1 74.787 81 87.1 86.88 71 40 2.9 8.64 78 32 65 78 81.094 38.149 43 68 50.1 96.23 48.504 91.812 72.838 53.724
78.80 45 94.1 55.90 97.838 2 44 39.97 55 38.83 25 50 84.11 9 89.51 96 36 23 45 61.574 89 11 13 83 47 32 35 32 82 36 71 56.7 12.71 97 26 31.7 9.20 71.3 20.62 77.60 48 75.7 51 78 71.6 84 59.04 50.376 95.4 94.9 5 70.92 84 44 64 84 30.583 24 28.9 86.04 80 3.82 97.1 87 91.91 95 76.33 15 14 73 53.27 56 67.666 14 78 55 11.81 97 17.56 62.100 85.85 40 83 21 65.4 78.5 100 79.66 65.89 87.5 30 37 48 49 89.3 17.6 2.0 54.1 50 100
56 43 1 100 93.434 7 66 41 42 23 44.450 5.06 100 24 92.042 29 93.88 37 54.15 30 41 49 58 39.59 58 27.71 21 18.20 19 64 21 39.3 39.694 98 95.399 94 96.40 80.8 77 45 52 8 8 97.127 82 44 20.0 65.137 66 8 84 21 29.3 46 35.458 88 53 36 93 59.381 87.2 20 28.507 21 79.1 75.416 9.66 89 3 99 8 77 89.380 75.5 58 37.5 69.819 99.47 20 85.23 20.7 25 59 71.5 6.183 16 34 14.212 31 73 20 47 97.06 42.6 33 45.243 54.02 35.914 51 37.649
28 50 72.3 9 40 32 59 20 5.6 44.717 68 82.3 59 91.98 20.2 15.36 24 64 11 95.142 15.271 61 79 84.403 94 84 14 90 82 20 77 50.9 86 9.85 1 34.55 21 72 19.59 81.07 41.953 77 46.35 97 18 48 7 23.515 61.255 69 36 53.4 28.42 58 46.2 7.632 1 20 99.2 9 39 11.315 49 53.96 79 58 52.420 6 6.732 27.2 1.5 14.40 56.967 63.95 36.407 40 71 27 78.70 44 84 34.363 52 15.230 79 70 1.71 74.3 42 37.488 49.27 81 1.75 29.2 58 42 24 83.01 49 11
36 76 54 65 92.399 52.4 69.8 4.02 55 82.10 95.327 9.9 48.65 45 5.07 11 26 65.7 16.4 12.018 2 62 86 81.6 34 28.3 82.716 53 41.17 59.335 84.4 26 44.0 92.6 44.951 30.8 38 91 12.4 89.9 52.0 1 12 52.63 99 66 100 13.17 69 36 93.76 53.998 40 95 75.533 63 99.1 84 13.852 28 64.683 95 84.77 30 87 5 53 47.789 1.1 88 82 13.44 65.86 94 13.30 53 3 5.4 87 80.2 42 87 46.72 54 24 20 86 84.58 84 55 90 61 62.403 75 66.66 56 52 46.32 21.2 70
2 6 35.17 99 30 54.4 29.452 85.702 48.069 50 70.88 76 84.46 71.502 70 89.517 90.823 35 97.302 35 26.07 36.907 4 88 72.9 17.946 61 71.9 31.449 21 83.7 31 64 47 74 84 32 44 45 95.960 7.387 27 58 80 77.69 6 61.85 81.048 42.6 37.824 90.179 49 57 55.98 41.0 54.8 94.4 98 71 49.316 64 97 93.47 12.297 19 95.272 5.7 50 71 27.169 66 77.6 78 27.90 31.6 55.584 95 47.1 64 1 32.452 86.6 2.784 64 38 45.05 31.327 62 93.547 23 87 75 20.5 4.33 98.61 55.01 42 54 19 35.194

